[ 2#id1 ]1969 0 0 0 64 0 0 0 0 0 0 0 0 0 0 0 176 0 0 0 2391 5523 0 0 0 288 0 0 0 0 0 0 0 0 0 0 5 1221 0 0 0 13382 8066 0 0 0 247 1 0 0 0 0 0 0 0 0 0 159 2184 0 0 1 3828 495 
[ 2#id2 ]8418 0 0 0 43 0 0 0 0 0 0 0 0 0 0 0 591 0 0 0 8096 5260 0 0 0 59 0 0 0 0 0 0 0 0 0 0 785 2422 0 0 354 9472 1814 0 0 0 75 0 0 0 0 0 0 0 0 0 6 227 530 0 0 12 1006 830 
[ 2#id3 ]645 0 0 0 0 0 0 0 0 0 0 0 0 0 0 0 2241 6 0 0 3524 4653 0 0 0 0 0 0 0 0 0 0 0 0 0 0 494 9942 1 0 0 10192 959 0 0 0 0 0 0 0 0 0 0 0 0 0 0 2965 2776 0 0 7 1548 47 
[ 2#id4 ]13112 13 0 0 610 48 0 0 0 0 0 0 0 0 0 0 35 0 0 0 1860 8914 0 0 0 267 3 0 0 0 0 0 0 0 0 0 0 162 0 0 0 3784 6290 0 0 0 127 0 0 0 0 0 0 0 0 0 0 0 200 0 0 0 2884 1691 
[ 2#id5 ]4104 1104 0 0 44 1442 0 0 0 0 0 0 0 0 0 0 0 1 0 0 20 5416 323 0 0 159 1490 0 0 0 0 0 0 0 0 0 0 59 0 0 0 508 10754 238 0 0 339 1345 0 0 0 0 0 0 0 0 0 0 215 1 0 0 947 11491 
[ 2#id6 ]8283 370 0 0 41 698 1579 0 0 0 0 0 0 0 0 0 4 0 0 0 57 9328 1995 0 0 145 2925 0 0 0 0 0 0 0 0 0 0 49 0 0 0 483 10855 418 0 0 160 196 0 0 0 0 0 0 0 0 0 0 51 0 0 0 263 2100 
[ 2#id7 ]784 6803 0 0 20 15127 94 0 0 0 0 0 0 0 0 0 0 0 0 0 1 4775 906 0 0 100 2006 0 0 0 0 0 0 0 0 0 0 0 0 0 0 3 4111 28 0 0 502 443 0 0 0 0 0 0 0 0 0 0 0 0 0 0 110 4187 
[ 2#id8 ]1770 0 0 0 24 0 0 0 0 0 0 0 0 0 0 0 913 0 0 0 6335 4977 0 0 0 2 0 0 0 0 0 0 0 0 0 0 116 4056 0 0 1 18103 341 0 0 0 0 0 0 0 0 0 0 0 0 0 0 1795 1269 0 0 0 298 0 
[ 2#id9 ]774 0 0 0 11 0 0 0 0 0 0 0 0 0 0 0 502 0 0 0 4907 6115 0 0 0 7 0 0 0 0 0 0 0 0 0 0 1 3111 0 0 0 15337 1876 0 0 0 0 0 0 0 0 0 0 0 0 0 0 599 4984 0 0 0 1776 0 
[ 2#id10 ]8203 0 0 0 59 15 0 0 0 0 0 0 0 0 0 0 2160 0 0 0 4930 3038 0 0 0 105 10 0 0 0 0 0 0 0 0 0 1630 2689 0 0 75 8096 2373 0 0 0 93 4 0 0 0 0 0 0 0 0 36 822 1258 0 0 7 3309 1088 
[ 2#id11 ]8130 1 0 0 33 25 0 0 0 0 0 0 0 0 0 0 2190 0 0 0 5176 2627 0 0 0 35 3 0 0 0 0 0 0 0 0 0 1924 3305 0 0 43 7661 2011 0 0 0 113 0 0 0 0 0 0 0 0 0 8 1147 1607 0 0 3 2978 980 
[ 2#id12 ]13190 0 0 0 31 0 0 0 0 0 0 0 0 0 0 0 1846 2 0 0 4914 6698 0 0 0 21 1 0 0 0 0 0 0 0 0 0 3 1860 1 0 0 4810 3802 0 0 0 6 0 0 0 0 0 0 0 0 0 0 3 932 0 0 0 1399 481 
[ 2#id13 ]200 649 0 0 80 5425 779 0 0 0 0 0 0 0 0 0 0 0 0 0 0 1231 3440 0 0 88 5851 135 0 0 0 0 0 0 0 0 0 0 0 0 0 0 5545 5513 0 0 37 7951 0 0 0 0 0 0 0 0 0 0 0 0 0 0 0 3076 
[ 2#id14 ]13812 1623 0 0 106 2323 0 0 0 0 0 0 0 0 0 0 2707 0 0 0 2137 1286 41 0 0 61 209 0 0 0 0 0 2 0 0 0 4813 2383 0 0 0 1918 1030 16 0 0 200 189 0 0 0 0 0 11 0 0 0 998 798 0 0 0 1078 2259 
[ 2#id15 ]11429 176 0 0 161 330 1 0 0 0 0 0 0 0 0 0 4336 15 0 0 2257 1496 39 0 0 173 247 35 0 0 0 0 133 0 0 0 9231 1988 0 0 0 1397 1129 9 0 0 74 114 0 0 0 0 51 89 0 0 1 1437 820 0 0 9 1672 1151 
[ 2#id16 ]3537 0 0 0 0 0 0 0 0 0 0 0 0 0 0 0 1610 0 0 0 5 0 0 0 0 0 0 0 0 0 0 0 9939 0 0 0 505 5 0 0 2 2 0 0 0 0 0 0 7686 0 0 0 11035 3 0 0 5181 130 0 0 0 47 90 223 
[ 2#id17 ]699 78 0 0 19 63 31 0 0 0 0 0 0 0 0 0 255 296 0 0 50 401 99 0 1 37 231 3808 0 0 0 21 2861 3740 0 0 325 802 28 0 1986 3207 680 119 0 309 3 56 2202 6088 0 0 2234 1588 11 0 2740 4092 188 0 0 381 60 211 
[ 2#id18 ]472 0 0 0 13 0 0 0 0 0 0 0 0 0 0 0 139 0 0 0 1195 2679 0 0 0 5 0 0 0 0 0 0 0 0 0 0 0 191 0 0 0 964 8013 0 0 0 5 0 0 0 0 0 0 0 0 0 0 0 1995 0 0 0 6150 18179 
[ 2#id19 ]4415 0 0 0 296 1 0 0 0 0 0 0 0 0 0 0 114 0 0 0 3986 12778 0 0 0 451 2 0 0 0 0 0 0 0 0 0 0 1 0 0 0 755 11909 0 0 0 1215 96 0 0 0 0 0 0 0 0 0 0 0 0 0 0 373 3608 
[ 2#id20 ]4383 6601 248 0 0 661 2674 265 0 0 0 0 0 0 0 0 43 22 1 0 27 951 6965 5245 0 0 163 3679 0 0 0 0 0 0 0 0 0 1 2 1 0 1 190 4586 0 0 0 443 0 0 0 0 0 0 0 0 0 0 0 0 0 0 0 2848 
[ 2#id21 ]2016 16974 32 0 11 59 0 0 0 0 0 0 0 0 0 0 281 21 0 0 215 8334 163 0 0 58 127 0 0 0 0 0 0 0 0 0 0 2980 40 0 0 1197 4361 31 0 0 64 88 0 0 0 0 0 0 0 0 0 0 135 2 0 0 232 2579 
[ 2#id22 ]6452 956 0 0 1 1114 2272 0 0 0 0 0 0 0 0 0 0 0 0 0 1 1891 2192 0 0 5 2599 169 0 0 0 0 0 0 0 0 0 4 1 0 0 1 6152 5024 0 0 1 3852 0 0 0 0 0 0 0 0 0 0 0 0 0 0 0 7313 
[ 2#id23 ]15688 629 0 0 252 931 12 0 0 55 67 0 0 0 4 0 1225 29 0 0 1602 7811 421 0 0 176 1192 22 0 0 2 0 36 0 0 0 99 1577 124 0 12 891 3531 336 0 0 180 513 0 0 0 0 0 4 10 0 2 97 729 110 0 71 311 1249 
[ 2#id24 ]13575 733 0 0 256 2016 224 0 0 83 239 51 0 0 0 0 1290 28 0 0 1717 7121 336 0 1 417 996 11 0 0 0 15 74 0 0 0 62 1402 105 0 12 1276 3989 315 0 2 172 580 0 0 0 0 0 0 17 0 9 90 408 5 0 74 723 1576 
[ 2#id25 ]3295 925 0 0 2 943 0 0 0 0 0 0 0 0 0 0 651 17 0 0 934 6350 1874 0 0 13 1767 0 0 0 0 0 0 0 0 0 13 1123 7 0 0 1738 10311 1 0 0 38 0 0 0 0 0 0 0 0 0 0 57 1338 0 0 0 3745 4858 
[ 2#id26 ]5671 551 0 0 453 1677 39 0 0 0 0 0 0 0 0 0 16 0 0 0 963 5150 1444 0 0 107 3129 479 0 0 0 0 0 0 0 0 0 28 0 0 0 104 2978 4294 0 0 3 7973 0 0 0 0 0 0 0 0 0 0 0 0 0 0 0 4941 
[ 2#id27 ]493 272 0 0 3 2113 0 0 0 0 0 0 0 0 0 0 0 0 0 0 0 1685 421 0 0 51 3320 0 0 0 0 0 0 0 0 0 0 0 0 0 0 2 13312 213 0 0 3192 1930 0 0 0 0 0 0 0 0 0 0 761 0 0 0 8153 4079 
[ 2#id28 ]8287 263 0 0 0 0 0 0 0 0 0 0 0 0 0 0 2081 3198 49 0 3 2074 2981 0 0 0 0 0 0 0 0 0 1060 354 0 0 52 2398 8205 510 0 0 315 342 0 0 0 0 681 35 0 0 796 2338 485 0 0 1159 1686 544 0 0 101 3 
[ 2#id29 ]9829 7132 0 0 0 4061 61 0 0 0 0 0 0 0 0 0 548 187 0 0 546 7948 2758 0 0 0 0 0 0 0 0 0 0 0 0 0 533 2937 313 0 2 437 397 0 0 0 0 0 0 0 0 0 0 7 0 0 0 687 1196 0 0 8 413 0 
[ 2#id30 ]7913 0 0 0 1 0 0 0 0 0 0 0 0 0 0 0 5321 0 0 0 1643 839 0 0 0 106 0 0 0 0 0 0 345 0 0 0 9421 2797 0 0 4 6586 13 0 0 0 0 0 0 0 0 0 1819 380 0 0 229 2574 8 0 0 1 0 0 
[ 2#id31 ]7989 0 0 0 7 0 0 0 0 0 0 0 0 0 0 0 6324 1 0 0 5768 2235 0 0 0 165 0 0 0 0 0 0 20 0 0 0 6547 2896 0 0 0 5974 69 0 0 0 0 0 0 0 0 0 266 57 0 0 53 1625 4 0 0 0 0 0 
[ 2#id32 ]7964 83 0 0 6764 754 0 0 0 0 0 0 0 0 0 0 0 0 0 0 7992 3614 37 0 1463 4071 59 0 0 0 0 0 0 0 0 0 0 0 0 0 149 2548 348 7 11 1295 497 23 0 0 0 0 0 0 0 0 0 0 0 0 0 720 1441 160 
[ 2#id33 ]11832 102 0 0 409 75 0 0 0 0 0 0 0 0 0 0 1217 142 0 0 1097 10216 25 0 0 3325 162 0 0 0 0 0 1775 179 0 0 88 1276 12 0 0 1057 3032 45 0 0 519 271 1382 143 0 0 10 456 6 0 0 25 209 5 0 0 55 853 
[ 2#id34 ]7520 2 0 0 11593 465 0 0 35 12 0 0 0 0 0 0 65 56 0 0 3625 637 5 0 3332 1606 6 0 0 0 0 0 0 61 186 0 4 257 581 20 5 742 946 130 0 12 150 1 0 0 147 1 0 0 838 725 0 16 574 3911 0 0 165 1569 
[ 2#id35 ]5289 1 0 0 9590 19 0 0 45 7 0 0 0 0 0 0 16 19 0 0 4725 334 0 0 9150 2172 0 0 1 193 0 0 0 19 43 0 1 129 211 8 307 965 270 23 21 1172 579 1 0 0 57 0 0 0 346 347 0 5 143 1375 0 119 608 1690 
[ 2#id36 ]1529 0 0 0 368 0 0 0 0 0 0 0 0 0 0 0 3638 0 0 0 9185 63 0 0 77 37 0 0 0 0 0 0 5074 0 0 0 5057 307 0 0 393 1293 3 0 0 1 1 0 9054 1 0 0 2798 456 0 0 9 493 19 0 0 59 84 1 
[ 2#id37 ]3579 19 0 0 459 38 0 0 156 163 0 0 0 21 0 0 5899 3 0 0 9643 1900 6495 0 58 96 2662 0 0 40 0 0 23 0 0 0 699 569 51 0 31 661 259 0 0 0 8 0 0 0 0 0 10 7 0 0 44 741 324 0 34 142 4186 980 
[ 2#id38 ]73 0 0 0 1 0 0 0 0 0 0 0 0 0 0 0 119 0 0 0 144 71 0 0 0 1 0 0 0 0 0 0 1079 0 0 0 2015 7381 0 0 0 2843 0 0 0 0 0 0 198 0 0 0 6887 3905 0 0 0 14775 201 0 0 0 75 232 
[ 2#id39 ]5089 775 0 0 1439 4956 124 0 4 0 0 0 0 0 0 0 451 5 0 0 3518 11142 839 0 216 2562 2558 19 2 511 0 0 61 0 0 0 541 789 0 0 11 2068 770 64 0 452 56 150 0 0 0 0 82 77 0 0 14 463 51 0 0 29 55 57 
[ 2#id40 ]7129 72 0 0 841 1064 32 0 0 1 11 0 0 0 0 4 2178 18 0 0 2300 17106 35 0 6 335 162 0 0 0 0 5 2108 21 0 0 554 920 3 0 25 467 1174 1 0 5 136 73 1106 1 0 0 193 220 0 0 59 145 295 3 73 108 261 750 
[ 2#id41 ]10719 76 0 0 1777 4493 0 0 0 0 0 0 0 0 0 0 1933 44 0 0 3382 12020 61 0 12 495 583 0 0 0 0 0 166 4 0 0 258 265 1 0 144 747 1734 3 1 39 74 18 38 0 0 0 3 8 0 0 110 110 29 1 28 327 278 19 
[ 2#id42 ]2533 293 12 0 8 190 90 153 0 0 2 127 0 0 0 0 2533 154 0 0 468 2118 2034 32 1 16 5061 325 0 0 0 0 5863 14 0 0 923 1130 104 0 14 324 1835 395 0 0 47 200 735 3 0 0 2248 1275 9 0 720 2202 856 16 26 45 436 4430 
[ 2#id43 ]1921 141 7 0 21 910 133 0 0 0 0 0 0 0 0 0 3365 170 0 0 680 4809 315 0 0 46 359 267 0 0 0 0 2260 18 0 0 2068 2958 235 0 31 362 4208 157 0 0 133 285 3484 6 0 0 4929 1276 4 0 42 340 430 17 9 44 132 3428 
[ 2#id44 ]0 0 0 0 2 70 1181 0 0 0 3131 1 0 0 0 0 2 1 0 0 2 187 124 0 0 22 3071 1289 0 0 0 0 187 287 0 0 69 585 21 0 34 28 3380 4681 394 90 367 16485 20 55 0 0 7 39 10 0 93 10 29 59 1062 77 58 2790 
[ 2#id45 ]32 2 0 0 36 4037 1448 0 0 214 508 0 0 0 0 0 108 106 0 0 29 254 11 0 1 331 10381 8584 0 0 0 0 501 791 0 0 55 25 28 0 1373 103 1734 7714 76 6 218 437 2 11 0 0 3 0 2 0 40 3 2 0 230 4 0 560 
[ 2#id46 ]34 0 0 0 2 8 4 0 0 0 12 0 0 0 0 0 43 0 0 0 179 736 1536 1 0 9 2836 2176 0 0 0 0 31 2 0 0 210 127 0 0 248 7402 11093 6002 0 0 86 3469 33 0 0 0 20 1 0 0 1778 78 15 0 684 134 25 986 
[ 2#id47 ]38 4 0 0 0 56 848 0 0 0 0 0 0 0 0 0 15 0 0 0 192 427 629 0 1 17 2311 993 0 0 0 1 49 0 0 0 370 20 2 0 372 4635 6837 7467 0 1 70 5368 36 0 0 0 26 3 0 0 2400 68 11 1 557 185 33 5957 
[ 2#id48 ]16529 1397 0 0 251 177 10 0 0 0 0 0 0 0 0 0 3985 124 0 0 974 2972 54 0 0 199 46 101 0 0 0 0 391 19 0 0 445 1734 31 0 25 303 881 209 0 0 2 253 3 0 0 0 103 1357 1 0 44 461 5065 12 1 61 107 1673 
[ 2#id49 ]10232 5031 5 0 48 1916 577 0 0 0 0 0 0 0 0 0 1844 81 0 0 1262 3973 280 0 0 33 79 93 0 0 0 0 155 1 0 0 169 1646 58 0 18 968 1663 86 2 3 16 70 5 0 0 0 144 1274 17 0 76 1352 3754 8 1 80 720 2260 
[ 2#id50 ]6132 580 4 0 124 1198 112 0 0 0 0 0 0 0 0 0 1608 87 0 0 1763 12155 249 0 0 27 104 40 0 0 0 41 318 3 0 0 646 4911 30 0 6 1603 3223 67 0 0 40 63 3 0 0 0 265 450 2 0 150 1782 546 4 0 16 459 1189 
[ 2#id51 ]994 0 0 19726 
[ 2#id52 ]942 0 0 19778 
[ 2#id53 ]986 0 0 19734 
[ 2#id54 ]18568 0 0 0 
[ 2#id55 ]19412 0 0 0 
[ 2#id56 ]20889 0 0 0 
[ 2#id57 ]5037 11347 0 0 
[ 2#id58 ]3583 12801 0 0 
[ 2#id59 ]3111 0 12249 0 
[ 2#id60 ]4019 0 11341 0 
[ 2#id61 ]3881 0 11479 0 
[ 2#id62 ]5263 11121 0 0 
[ 2#id63 ]5270 15130 0 0 
[ 3#id1 ]370 0 0 0 0 0 0 0 66 2 0 0 0 0 0 0 0 0 0 0 0 0 0 0 0 0 0 0 0 0 0 0 0 0 0 0 0 0 0 0 0 0 0 0 0 0 0 0 0 0 0 0 0 0 0 0 0 0 0 0 0 0 0 0 47 0 0 0 0 0 0 0 1106 378 0 0 0 0 0 0 1 63 0 0 0 0 0 0 0 0 0 0 0 0 0 0 0 0 0 0 0 0 0 0 0 0 0 0 0 0 0 0 0 0 0 0 0 0 0 0 0 0 0 0 0 0 0 0 0 0 0 0 0 0 0 0 78 98 0 0 0 0 0 0 31 1907 341 0 0 0 0 0 0 16 101 0 0 0 0 0 0 0 0 0 0 0 0 0 0 0 0 0 0 0 0 0 0 0 0 0 0 0 0 0 0 0 0 0 0 0 0 0 0 0 0 0 0 0 0 0 0 0 0 0 0 0 0 0 2 255 170 0 0 0 0 0 0 180 4501 410 0 0 0 0 0 0 78 210 0 0 0 0 0 0 0 0 0 0 0 0 0 0 0 0 0 0 0 0 0 0 0 0 0 0 0 0 0 0 0 0 0 0 0 0 0 0 0 0 0 0 0 0 0 0 0 0 0 0 0 0 0 5 925 296 0 0 0 0 0 0 1058 8193 390 0 0 0 0 0 0 105 380 0 0 0 0 0 0 0 0 0 0 0 0 0 0 0 0 0 0 0 0 0 0 0 0 0 0 0 0 0 0 0 0 0 0 0 0 0 0 0 0 0 0 0 0 0 0 0 0 0 0 0 0 0 56 1975 236 0 0 0 0 0 0 1995 6812 248 0 0 0 0 0 0 57 190 1 0 0 0 0 0 0 0 0 0 0 0 0 0 0 0 0 0 0 0 0 0 0 0 0 0 0 0 0 0 0 0 0 0 0 0 0 0 0 0 0 0 0 0 0 0 0 0 0 0 0 0 0 159 2076 108 0 0 0 0 0 1 1011 2384 49 0 0 0 0 0 0 26 50 0 0 0 0 0 0 0 0 0 0 0 0 0 0 0 0 0 0 0 0 0 0 0 0 0 0 0 0 0 0 0 0 0 0 0 0 0 0 0 0 0 0 0 0 0 0 0 0 0 0 0 0 0 22 297 29 0 0 0 0 0 0 88 364 3 
[ 3#id2 ]5111 0 0 0 0 0 0 0 95 0 0 0 0 0 0 0 0 0 0 0 0 0 0 0 0 0 0 0 0 0 0 0 0 0 0 0 0 0 0 0 0 0 0 0 0 0 0 0 0 0 0 0 0 0 0 0 0 0 0 0 0 0 0 0 562 0 0 0 0 0 0 0 2289 361 0 0 0 0 0 0 2 41 0 0 0 0 0 0 0 0 0 0 0 0 0 0 0 0 0 0 0 0 0 0 0 0 0 0 0 0 0 0 0 0 0 0 0 0 0 0 0 0 0 0 0 0 0 0 0 0 0 0 0 0 0 0 428 163 0 0 0 0 0 0 533 3448 222 0 0 0 0 0 0 8 31 0 0 0 0 0 0 0 0 0 0 0 0 0 0 0 0 0 0 0 0 0 0 0 0 0 0 0 0 0 0 0 0 0 0 0 0 0 0 0 0 0 0 0 0 0 0 0 0 0 0 0 0 0 161 1532 168 0 0 0 0 0 41 2373 4730 109 0 0 0 0 0 0 17 42 0 0 0 0 0 0 0 0 0 0 0 0 0 0 0 0 0 0 0 0 0 0 0 0 0 0 0 0 0 0 0 0 0 0 0 0 0 0 0 0 0 0 0 0 1 0 0 0 0 0 0 0 69 693 2334 88 0 0 0 0 1 125 2601 3191 74 0 0 0 0 0 0 33 53 1 0 0 0 0 0 0 0 0 0 0 0 0 0 0 0 0 0 0 0 0 0 0 0 0 0 0 0 0 0 0 0 0 0 0 0 0 0 0 0 0 0 0 6 16 0 0 0 0 0 0 8 220 657 1532 27 0 0 0 0 0 57 1401 1602 57 0 0 0 0 0 0 13 62 0 0 0 0 0 0 0 0 0 0 0 0 0 0 0 0 0 0 0 0 0 0 0 0 0 0 0 0 0 0 0 0 0 0 0 0 0 0 0 0 0 0 0 6 7 0 0 0 0 0 0 0 52 164 518 12 0 0 0 0 0 7 281 616 102 0 0 0 0 0 0 7 122 0 0 0 0 0 0 0 0 0 0 0 0 0 0 0 0 0 0 0 0 0 0 0 0 0 0 0 0 0 0 0 0 0 0 0 0 0 0 0 0 0 0 0 0 4 0 0 0 0 0 0 0 5 21 43 2 0 0 0 0 0 5 33 401 203 
[ 3#id3 ]8 0 0 0 0 0 0 0 0 0 0 0 0 0 0 0 0 0 0 0 0 0 0 0 0 0 0 0 0 0 0 0 0 0 0 0 0 0 0 0 0 0 0 0 0 0 0 0 0 0 0 0 0 0 0 0 0 0 0 0 0 0 0 0 253 0 0 0 0 0 0 0 249 135 0 0 0 0 0 0 0 0 0 0 0 0 0 0 0 0 0 0 0 0 0 0 0 0 0 0 0 0 0 0 0 0 0 0 0 0 0 0 0 0 0 0 0 0 0 0 0 0 0 0 0 0 0 0 30 0 0 0 0 0 0 0 759 1389 6 0 0 0 0 0 11 990 214 0 0 0 0 0 0 0 0 0 0 0 0 0 0 0 0 0 0 0 0 0 0 0 0 0 0 0 0 0 0 0 0 0 0 0 0 0 0 0 0 0 0 0 0 0 0 0 0 0 0 0 0 0 23 40 0 0 0 0 0 0 46 2434 2502 3 0 0 0 0 0 43 1808 126 0 0 0 0 0 0 0 0 0 0 0 0 0 0 0 0 0 0 0 0 0 0 0 0 0 0 0 0 0 0 0 0 0 0 0 0 0 0 0 0 0 0 0 0 0 0 0 0 0 0 0 0 1 134 46 0 0 0 0 0 1 344 6633 1883 1 0 0 0 0 0 132 1163 16 0 0 0 0 0 0 0 0 0 0 0 0 0 0 0 0 0 0 0 0 0 0 0 0 0 0 0 0 0 0 0 0 0 0 0 0 0 0 0 0 0 0 0 0 0 0 0 0 0 0 0 0 14 1287 93 0 0 0 0 0 0 2061 6717 596 0 0 0 0 0 0 119 346 1 0 0 0 0 0 0 0 0 0 0 0 0 0 0 0 0 0 0 0 0 0 0 0 0 0 0 0 0 0 0 0 0 0 0 0 0 0 0 0 0 0 0 0 0 0 0 0 0 0 0 0 0 62 1331 34 0 0 0 0 0 3 1492 2312 80 0 0 0 0 0 0 77 77 0 0 0 0 0 0 0 0 0 0 0 0 0 0 0 0 0 0 0 0 0 0 0 0 0 0 0 0 0 0 0 0 0 0 0 0 0 0 0 0 0 0 0 0 0 0 0 0 0 0 0 0 0 77 347 3 0 0 0 0 0 7 635 579 3 0 0 0 0 0 9 171 44 0 
[ 3#id4 ]6915 66 0 0 0 0 0 0 566 227 0 0 0 0 0 0 0 0 0 0 0 0 0 0 0 0 0 0 0 0 0 0 0 0 0 0 0 0 0 0 0 0 0 0 0 0 0 0 0 0 0 0 0 0 0 0 0 0 0 0 0 0 0 0 35 8 0 0 0 0 0 0 1286 4009 13 0 0 0 0 0 0 610 48 0 0 0 0 0 0 0 0 0 0 0 0 0 0 0 0 0 0 0 0 0 0 0 0 0 0 0 0 0 0 0 0 0 0 0 0 0 0 0 0 0 0 0 0 0 0 0 0 0 0 0 0 0 2 33 0 0 0 0 0 0 1 1840 3304 0 0 0 0 0 0 3 433 8 0 0 0 0 0 0 0 0 0 0 0 0 0 0 0 0 0 0 0 0 0 0 0 0 0 0 0 0 0 0 0 0 0 0 0 0 0 0 0 0 0 0 0 0 0 0 0 0 0 0 0 0 0 6 88 0 0 0 0 0 0 10 2941 2140 0 0 0 0 0 0 2 265 3 0 0 0 0 0 0 0 0 0 0 0 0 0 0 0 0 0 0 0 0 0 0 0 0 0 0 0 0 0 0 0 0 0 0 0 0 0 0 0 0 0 0 0 0 0 0 0 0 0 0 0 0 0 19 143 0 0 0 0 0 0 17 3644 1342 0 0 0 0 0 0 17 173 0 0 0 0 0 0 0 0 0 0 0 0 0 0 0 0 0 0 0 0 0 0 0 0 0 0 0 0 0 0 0 0 0 0 0 0 0 0 0 0 0 0 0 0 0 0 0 0 0 0 0 0 0 0 55 173 0 0 0 0 0 0 51 3865 737 0 0 0 0 0 0 10 117 0 0 0 0 0 0 0 0 0 0 0 0 0 0 0 0 0 0 0 0 0 0 0 0 0 0 0 0 0 0 0 0 0 0 0 0 0 0 0 0 0 0 0 0 0 0 0 0 0 0 0 0 0 0 69 131 0 0 0 0 0 0 75 2723 361 0 0 0 0 0 0 12 79 0 0 0 0 0 0 0 0 0 0 0 0 0 0 0 0 0 0 0 0 0 0 0 0 0 0 0 0 0 0 0 0 0 0 0 0 0 0 0 0 0 0 0 0 0 0 0 0 0 0 0 0 0 0 33 56 0 0 0 0 0 0 41 1037 158 
[ 3#id5 ]137 458 0 0 0 0 0 0 0 2532 116 0 0 0 0 0 0 0 0 0 0 0 0 0 0 0 0 0 0 0 0 0 0 0 0 0 0 0 0 0 0 0 0 0 0 0 0 0 0 0 0 0 0 0 0 0 0 0 0 0 0 0 0 0 0 0 0 0 0 0 0 0 0 977 988 0 0 0 0 0 0 44 1432 10 0 0 0 0 0 0 0 0 0 0 0 0 0 0 0 0 0 0 0 0 0 0 0 0 0 0 0 0 0 0 0 0 0 0 0 0 0 0 0 0 0 0 0 0 0 0 0 0 0 0 0 0 0 0 1 0 0 0 0 0 0 20 2083 386 0 0 0 0 0 0 89 861 150 0 0 0 0 0 0 0 55 13 0 0 0 0 0 0 0 0 0 0 0 0 0 0 0 0 0 0 0 0 0 0 0 0 0 0 0 0 0 0 0 0 0 0 0 0 0 0 0 0 0 0 0 0 24 2 0 0 0 0 0 0 206 1765 173 0 0 0 0 0 0 159 1090 328 0 0 0 0 0 0 0 4 0 0 0 0 0 0 0 0 0 0 0 0 0 0 0 0 0 0 0 0 0 0 0 0 0 0 0 0 0 0 0 0 0 0 0 0 0 0 0 0 0 0 0 0 0 59 0 0 0 0 0 0 0 500 4256 503 0 0 0 0 0 0 395 2321 76 0 0 0 0 0 0 0 4 0 0 0 0 0 0 0 0 0 0 0 0 0 0 0 0 0 0 0 0 0 0 0 0 0 0 0 0 0 0 0 0 0 0 0 0 0 0 0 0 0 0 0 0 8 188 2 0 0 0 0 0 0 923 2166 162 0 0 0 0 0 0 339 1311 30 0 0 0 0 0 0 0 0 0 0 0 0 0 0 0 0 0 0 0 0 0 0 0 0 0 0 0 0 0 0 0 0 0 0 0 0 0 0 0 0 0 0 0 0 0 0 0 0 0 0 0 0 27 188 1 0 0 0 0 0 2 878 2492 147 0 0 0 0 0 0 555 1118 0 0 0 0 0 0 0 0 0 0 0 0 0 0 0 0 0 0 0 0 0 0 0 0 0 0 0 0 0 0 0 0 0 0 0 0 0 0 0 0 0 0 0 0 0 0 0 0 0 0 0 0 0 64 148 0 0 0 0 0 0 3 2044 4987 
[ 3#id6 ]2100 4164 0 0 0 0 0 0 2 922 2 0 0 0 0 0 0 0 0 0 0 0 0 0 0 0 0 0 0 0 0 0 0 0 0 0 0 0 0 0 0 0 0 0 0 0 0 0 0 0 0 0 0 0 0 0 0 0 0 0 0 0 0 0 0 0 0 0 0 0 0 0 0 1095 368 0 0 0 0 0 0 41 698 0 9 0 0 0 0 0 0 0 1568 2 0 0 0 0 0 0 0 0 0 0 0 0 0 0 0 0 0 0 0 0 0 0 0 0 0 0 0 0 0 0 0 0 0 0 0 0 0 0 0 0 0 0 0 4 0 0 0 0 0 0 0 57 2103 345 0 0 0 0 0 0 247 2005 1244 119 0 0 0 0 0 0 5 11 0 0 0 0 0 0 0 0 0 0 0 0 0 0 0 0 0 0 0 0 0 0 0 0 0 0 0 0 0 0 0 0 0 0 0 0 0 0 0 0 0 0 0 0 5 0 0 0 0 0 0 0 325 4298 614 18 0 0 0 0 0 145 1401 1508 0 0 0 0 0 0 0 0 0 0 0 0 0 0 0 0 0 0 0 0 0 0 0 0 0 0 0 0 0 0 0 0 0 0 0 0 0 0 0 0 0 0 0 0 0 0 0 0 0 0 0 0 0 49 0 0 0 0 0 0 0 483 1800 2096 0 0 0 0 0 0 201 4626 172 0 0 0 0 0 0 0 0 0 0 0 0 0 0 0 0 0 0 0 0 0 0 0 0 0 0 0 0 0 0 0 0 0 0 0 0 0 0 0 0 0 0 0 0 0 0 0 0 0 0 0 0 0 88 0 0 0 0 0 0 0 612 1432 246 0 0 0 0 0 0 160 196 0 0 0 0 0 0 0 0 0 0 0 0 0 0 0 0 0 0 0 0 0 0 0 0 0 0 0 0 0 0 0 0 0 0 0 0 0 0 0 0 0 0 0 0 0 0 0 0 0 0 0 0 0 3 48 0 0 0 0 0 0 0 262 880 30 0 0 0 0 0 0 92 81 0 0 0 0 0 0 0 0 0 0 0 0 0 0 0 0 0 0 0 0 0 0 0 0 0 0 0 0 0 0 0 0 0 0 0 0 0 0 0 0 0 0 0 0 0 0 0 0 0 0 0 0 0 1 24 0 0 0 0 0 0 0 260 733 
[ 3#id7 ]0 13 2 0 0 0 0 0 0 694 5977 121 0 0 0 0 0 0 1269 807 0 0 0 0 0 0 0 0 0 0 0 0 0 0 0 0 0 0 0 0 0 0 0 0 0 0 0 0 0 0 0 0 0 0 0 0 0 0 0 0 0 0 0 0 0 0 0 0 0 0 0 0 0 77 689 14 0 0 0 0 0 20 3575 6989 51 0 0 0 0 0 7 2480 43 0 0 0 0 0 0 0 0 0 0 0 0 0 0 0 0 0 0 0 0 0 0 0 0 0 0 0 0 0 0 0 0 0 0 0 0 0 0 0 0 0 0 0 0 0 0 0 0 0 0 0 0 1 370 573 0 0 0 0 0 0 69 3301 471 0 0 0 0 0 0 9 30 0 0 0 0 0 0 0 0 0 0 0 0 0 0 0 0 0 0 0 0 0 0 0 0 0 0 0 0 0 0 0 0 0 0 0 0 0 0 0 0 0 0 0 0 0 0 0 0 0 0 0 0 0 2 460 435 0 0 0 0 0 0 91 1906 63 0 0 0 0 0 0 2 5 0 0 0 0 0 0 0 0 0 0 0 0 0 0 0 0 0 0 0 0 0 0 0 0 0 0 0 0 0 0 0 0 0 0 0 0 0 0 0 0 0 0 0 0 0 0 0 0 0 0 0 0 0 3 1154 215 0 0 0 0 0 0 393 1206 4 0 0 0 0 0 0 1 1 0 0 0 0 0 0 0 0 0 0 0 0 0 0 0 0 0 0 0 0 0 0 0 0 0 0 0 0 0 0 0 0 0 0 0 0 0 0 0 0 0 0 0 0 0 1 0 0 0 0 0 0 0 37 1105 24 0 0 0 0 0 0 501 442 0 0 0 0 0 0 0 0 0 0 0 0 0 0 0 0 0 0 0 0 0 0 0 0 0 0 0 0 0 0 0 0 0 0 0 0 0 0 0 0 0 0 0 0 0 0 0 0 0 0 0 0 0 0 0 0 0 0 0 0 0 0 110 987 2 0 0 0 0 0 0 444 214 0 0 0 0 0 0 0 0 0 0 0 0 0 0 0 0 0 0 0 0 0 0 0 0 0 0 0 0 0 0 0 0 0 0 0 0 0 0 0 0 0 0 0 0 0 0 0 0 0 0 0 0 0 0 2 0 0 0 0 0 0 0 190 2348 
[ 3#id8 ]3 0 0 0 0 0 0 0 2 0 0 0 0 0 0 0 0 0 0 0 0 0 0 0 0 0 0 0 0 0 0 0 0 0 0 0 0 0 0 0 0 0 0 0 0 0 0 0 0 0 0 0 0 0 0 0 0 0 0 0 0 0 0 0 17 0 0 0 0 0 0 0 1249 499 0 0 0 0 0 0 1 23 0 0 0 0 0 0 0 0 0 0 0 0 0 0 0 0 0 0 0 0 0 0 0 0 0 0 0 0 0 0 0 0 0 0 0 0 0 0 0 0 0 0 0 0 0 0 0 0 0 0 0 0 0 0 422 491 0 0 0 0 0 0 153 3817 250 0 0 0 0 0 0 0 11 0 0 0 0 0 0 0 0 0 0 0 0 0 0 0 0 0 0 0 0 0 0 0 0 0 0 0 0 0 0 0 0 0 0 0 0 0 0 0 0 0 0 0 0 0 0 0 0 0 0 0 0 0 4 1479 400 0 0 0 0 0 0 882 4249 67 0 0 0 0 0 0 0 2 0 0 0 0 0 0 0 0 0 0 0 0 0 0 0 0 0 0 0 0 0 0 0 0 0 0 0 0 0 0 0 0 0 0 0 0 0 0 0 0 0 0 0 0 0 0 0 0 0 0 0 0 0 116 3867 189 0 0 0 0 0 1 3209 2766 5 0 0 0 0 0 0 0 0 0 0 0 0 0 0 0 0 0 0 0 0 0 0 0 0 0 0 0 0 0 0 0 0 0 0 0 0 0 0 0 0 0 0 0 0 0 0 0 0 0 0 0 0 0 0 0 0 0 0 0 0 0 1540 6554 22 0 0 0 0 0 1 4033 314 0 0 0 0 0 0 0 0 0 0 0 0 0 0 0 0 0 0 0 0 0 0 0 0 0 0 0 0 0 0 0 0 0 0 0 0 0 0 0 0 0 0 0 0 0 0 0 0 0 0 0 0 0 0 0 0 0 0 0 0 0 0 1795 1269 0 0 0 0 0 0 0 248 3 0 0 0 0 0 0 0 0 0 0 0 0 0 0 0 0 0 0 0 0 0 0 0 0 0 0 0 0 0 0 0 0 0 0 0 0 0 0 0 0 0 0 0 0 0 0 0 0 0 0 0 0 0 0 0 0 0 0 0 0 0 0 40 6 0 0 0 0 0 0 0 1 0 0 
[ 3#id9 ]2 0 0 0 0 0 0 0 0 0 0 0 0 0 0 0 0 0 0 0 0 0 0 0 0 0 0 0 0 0 0 0 0 0 0 0 0 0 0 0 0 0 0 0 0 0 0 0 0 0 0 0 0 0 0 0 0 0 0 0 0 0 0 0 5 0 0 0 0 0 0 0 465 302 0 0 0 0 0 0 0 11 0 0 0 0 0 0 0 0 0 0 0 0 0 0 0 0 0 0 0 0 0 0 0 0 0 0 0 0 0 0 0 0 0 0 0 0 0 0 0 0 0 0 0 0 0 0 0 0 0 0 0 0 0 0 155 347 0 0 0 0 0 0 44 3477 271 0 0 0 0 0 0 2 22 0 0 0 0 0 0 0 0 0 0 0 0 0 0 0 0 0 0 0 0 0 0 0 0 0 0 0 0 0 0 0 0 0 0 0 0 0 0 0 0 0 0 0 0 0 0 0 0 0 0 0 0 0 0 1051 504 0 0 0 0 0 0 333 5246 72 0 0 0 0 0 0 3 4 0 0 0 0 0 0 0 0 0 0 0 0 0 0 0 0 0 0 0 0 0 0 0 0 0 0 0 0 0 0 0 0 0 0 0 0 0 0 0 0 0 0 0 0 0 0 0 0 0 0 0 0 0 1 2822 289 0 0 0 0 0 0 1625 4517 3 0 0 0 0 0 0 0 0 0 0 0 0 0 0 0 0 0 0 0 0 0 0 0 0 0 0 0 0 0 0 0 0 0 0 0 0 0 0 0 0 0 0 0 0 0 0 0 0 0 0 0 0 0 0 0 0 0 0 0 0 0 40 5110 26 0 0 0 0 0 0 4045 1847 0 0 0 0 0 0 0 0 0 0 0 0 0 0 0 0 0 0 0 0 0 0 0 0 0 0 0 0 0 0 0 0 0 0 0 0 0 0 0 0 0 0 0 0 0 0 0 0 0 0 0 0 0 0 0 0 0 0 0 0 0 0 599 4983 1 0 0 0 0 0 0 1441 53 0 0 0 0 0 0 0 0 0 0 0 0 0 0 0 0 0 0 0 0 0 0 0 0 0 0 0 0 0 0 0 0 0 0 0 0 0 0 0 0 0 0 0 0 0 0 0 0 0 0 0 0 0 0 0 0 0 0 0 0 0 0 109 170 0 0 0 0 0 0 0 3 0 0 
[ 3#id10 ]3335 9 0 0 0 0 0 0 36 32 0 0 0 0 0 0 0 0 0 0 0 0 0 0 0 0 0 0 0 0 0 0 0 0 0 0 0 0 0 0 0 0 0 0 0 0 0 0 0 0 0 0 0 0 0 0 0 0 0 0 0 0 0 0 1839 5 0 0 0 0 0 0 2314 633 0 0 0 0 0 0 1 58 15 0 0 0 0 0 0 0 0 0 0 0 0 0 0 0 0 0 0 0 0 0 0 0 0 0 0 0 0 0 0 0 0 0 0 0 0 0 0 0 0 0 0 0 0 0 15 0 0 0 0 0 0 0 1319 730 0 0 0 0 0 0 185 1962 280 0 0 0 0 0 0 4 74 17 0 0 0 0 0 0 0 0 0 0 0 0 0 0 0 0 0 0 0 0 0 0 0 0 0 0 0 0 0 0 0 0 0 0 0 0 0 0 0 0 0 0 0 0 83 13 0 0 0 0 0 0 265 1971 267 0 0 0 0 0 0 543 2182 218 0 0 0 0 0 0 7 98 10 0 0 0 0 0 0 0 0 0 0 0 0 0 0 0 0 0 0 0 0 0 0 0 0 0 0 0 0 0 0 0 0 0 0 0 0 0 0 0 0 0 0 0 97 294 2 0 0 0 0 0 20 1037 2292 160 0 0 0 0 0 5 975 2689 165 0 0 0 0 0 0 8 80 4 0 0 0 0 0 0 0 0 0 0 0 0 0 0 0 0 0 0 0 0 0 0 0 0 0 0 0 0 0 0 0 0 0 0 8 7 0 0 0 0 0 0 5 162 235 0 0 0 0 0 0 70 1279 1932 122 0 0 0 0 0 1 1212 1868 134 0 0 0 0 0 0 14 79 4 0 0 0 0 0 0 0 0 0 0 0 0 0 0 0 0 0 0 0 0 0 0 0 0 0 0 0 0 0 0 0 0 0 0 0 0 0 0 0 0 0 0 33 112 25 0 0 0 0 0 0 16 659 1195 58 0 0 0 0 0 5 801 1284 91 0 0 0 0 0 0 7 41 0 0 0 0 0 0 0 0 0 0 0 0 0 0 0 0 0 0 0 0 0 0 0 0 0 0 0 0 0 0 0 0 0 0 2 0 0 0 0 0 0 0 1 2 8 5 0 0 0 0 0 0 2 179 579 17 0 0 0 0 0 2 457 821 118 
[ 3#id11 ]3442 3 0 0 0 0 0 0 32 5 0 0 0 0 0 0 0 0 0 0 0 0 0 0 0 0 0 0 0 0 0 0 0 0 0 0 0 0 0 0 0 0 0 0 0 0 0 0 0 0 0 0 0 0 0 0 0 0 0 0 0 0 0 0 1942 0 0 0 0 0 0 0 2077 629 1 0 0 0 0 0 0 33 25 0 0 0 0 0 0 0 0 0 0 0 0 0 0 0 0 0 0 0 0 0 0 0 0 0 0 0 0 0 0 0 0 0 0 0 0 0 0 0 0 0 0 0 0 0 23 0 0 0 0 0 0 0 1486 574 0 0 0 0 0 0 218 1769 373 0 0 0 0 0 0 2 62 9 0 0 0 0 0 0 0 0 0 0 0 0 0 0 0 0 0 0 0 0 0 0 0 0 0 0 0 0 0 0 0 0 0 0 0 0 0 0 0 0 0 0 0 0 103 4 0 0 0 0 0 0 412 2257 311 0 0 0 0 0 1 517 1720 152 0 0 0 0 0 0 1 34 3 0 0 0 0 0 0 0 0 0 0 0 0 0 0 0 0 0 0 0 0 0 0 0 0 0 0 0 0 0 0 0 0 0 0 0 0 0 0 0 0 0 0 0 25 153 1 0 0 0 0 0 16 1397 2923 155 0 0 0 0 0 1 954 1634 117 0 0 0 0 0 0 5 39 0 0 0 0 0 0 0 0 0 0 0 0 0 0 0 0 0 0 0 0 0 0 0 0 0 0 0 0 0 0 0 0 0 0 0 1 1 0 0 0 0 0 0 11 320 226 0 0 0 0 0 0 42 1569 2585 125 0 0 0 0 0 1 913 1592 138 0 0 0 0 0 0 8 105 0 0 0 0 0 0 0 0 0 0 0 0 0 0 0 0 0 0 0 0 0 0 0 0 0 0 0 0 0 0 0 0 0 0 0 0 0 0 0 0 0 0 0 8 103 78 0 0 0 0 0 0 21 944 1528 65 0 0 0 0 0 1 640 1288 134 0 0 0 0 0 0 2 50 0 0 0 0 0 0 0 0 0 0 0 0 0 0 0 0 0 0 0 0 0 0 0 0 0 0 0 0 0 0 0 0 0 0 0 0 0 0 0 0 0 0 0 0 1 14 0 0 0 0 0 0 2 203 611 26 0 0 0 0 0 0 234 695 75 
[ 3#id12 ]4936 10 0 0 0 0 0 0 79 17 0 0 0 0 0 0 0 0 0 0 0 0 0 0 0 0 0 0 0 0 0 0 0 0 0 0 0 0 0 0 0 0 0 0 0 0 0 0 0 0 0 0 0 0 0 0 0 0 0 0 0 0 0 0 1671 5 0 0 0 0 0 0 4329 2143 0 0 0 0 0 0 0 31 0 0 0 0 0 0 0 0 0 0 0 0 0 0 0 0 0 0 0 0 0 0 0 0 0 0 0 0 0 0 0 0 0 0 0 0 0 0 0 0 0 0 0 0 0 0 0 0 0 0 0 0 0 0 581 1265 2 0 0 0 0 0 61 3908 1068 0 0 0 0 0 0 0 23 1 0 0 0 0 0 0 0 0 0 0 0 0 0 0 0 0 0 0 0 0 0 0 0 0 0 0 0 0 0 0 0 0 0 0 0 0 0 0 0 0 0 0 0 0 0 0 0 0 0 0 0 0 1 856 1043 3 0 0 0 0 0 88 3771 789 0 0 0 0 0 0 0 21 1 0 0 0 0 0 0 0 0 0 0 0 0 0 0 0 0 0 0 0 0 0 0 0 0 0 0 0 0 0 0 0 0 0 0 0 0 0 0 0 0 0 0 0 0 1 0 0 0 0 0 0 0 2 1010 850 1 0 0 0 0 0 136 3505 463 0 0 0 0 0 0 0 13 0 0 0 0 0 0 0 0 0 0 0 0 0 0 0 0 0 0 0 0 0 0 0 0 0 0 0 0 0 0 0 0 0 0 0 0 0 0 0 0 0 0 0 0 0 0 0 0 0 0 0 0 0 4 1043 667 0 0 0 0 0 0 122 2406 253 0 0 0 0 0 0 0 6 0 0 0 0 0 0 0 0 0 0 0 0 0 0 0 0 0 0 0 0 0 0 0 0 0 0 0 0 0 0 0 0 0 0 0 0 0 0 0 0 0 0 0 0 0 0 0 0 0 0 0 0 0 3 573 358 0 0 0 0 0 0 103 1042 90 0 0 0 0 0 0 0 2 0 0 0 0 0 0 0 0 0 0 0 0 0 0 0 0 0 0 0 0 0 0 0 0 0 0 0 0 0 0 0 0 0 0 0 0 0 0 0 0 0 0 0 0 0 1 0 0 0 0 0 0 0 4 224 115 0 0 0 0 0 0 26 259 15 
[ 3#id13 ]11 0 0 0 0 0 0 0 50 128 526 81 0 0 0 0 0 20 409 1124 5 0 0 0 0 0 0 0 1 0 0 0 0 0 0 0 0 0 0 0 0 0 0 0 0 0 0 0 0 0 0 0 0 0 0 0 0 0 0 0 0 0 0 0 0 0 0 0 0 0 0 0 0 11 25 17 0 0 0 0 0 60 404 3159 293 0 0 0 0 0 34 295 479 1 0 0 0 0 0 0 0 0 0 0 0 0 0 0 0 0 0 0 0 0 0 0 0 0 0 0 0 0 0 0 0 0 0 0 0 0 0 0 0 0 0 0 0 0 0 0 0 0 0 0 0 0 16 154 55 0 0 0 0 0 53 980 2715 80 0 0 0 0 0 39 356 188 0 0 0 0 0 0 0 0 0 0 0 0 0 0 0 0 0 0 0 0 0 0 0 0 0 0 0 0 0 0 0 0 0 0 0 0 0 0 0 0 0 0 0 0 0 0 0 0 0 0 0 0 0 28 548 42 0 0 0 0 0 49 2288 2479 21 0 0 0 0 0 43 497 114 0 0 0 0 0 0 0 0 0 0 0 0 0 0 0 0 0 0 0 0 0 0 0 0 0 0 0 0 0 0 0 0 0 0 0 0 0 0 0 0 0 0 0 0 0 0 0 0 0 0 0 0 0 80 951 22 0 0 0 0 0 31 4287 3331 20 0 0 0 0 0 10 418 62 0 0 0 0 0 0 0 0 0 0 0 0 0 0 0 0 0 0 0 0 0 0 0 0 0 0 0 0 0 0 0 0 0 0 0 0 0 0 0 0 0 0 0 0 0 0 0 0 0 0 0 0 0 196 2129 11 0 0 0 0 0 27 4968 2378 0 0 0 0 0 0 4 121 0 0 0 0 0 0 0 0 0 0 0 0 0 0 0 0 0 0 0 0 0 0 0 0 0 0 0 0 0 0 0 0 0 0 0 0 0 0 0 0 0 0 0 0 0 0 0 0 0 0 0 0 0 0 231 1490 0 0 0 0 0 0 0 1293 0 0 0 0 0 0 0 0 0 0 0 0 0 0 0 0 0 0 0 0 0 0 0 0 0 0 0 0 0 0 0 0 0 0 0 0 0 0 0 0 0 0 0 0 0 0 0 0 0 0 0 0 0 0 0 0 0 0 0 0 0 0 0 62 
[ 3#id14 ]6205 250 0 0 0 0 0 0 398 1623 1010 19 0 0 0 0 0 2 245 87 0 0 0 0 0 0 0 0 0 0 0 0 0 0 0 0 0 0 0 0 0 0 0 0 0 0 0 0 0 0 0 0 0 0 0 0 0 0 0 0 0 0 0 0 2621 13 0 0 0 0 0 0 1037 1665 590 4 0 0 0 0 0 104 1515 465 0 0 0 0 0 0 0 11 0 0 0 0 0 0 0 0 0 0 0 0 0 0 0 0 0 0 0 0 0 0 0 0 0 0 0 0 0 0 0 0 0 0 0 0 77 0 0 0 0 0 0 0 1476 400 0 0 0 0 0 0 1 320 281 51 0 0 0 0 0 0 64 256 22 0 0 0 0 0 0 0 4 0 0 0 0 0 0 0 0 0 0 0 0 0 0 0 0 0 0 0 0 0 0 0 0 0 0 0 0 0 0 0 0 0 0 0 351 403 0 0 0 0 0 0 103 1708 158 0 0 0 0 0 0 5 264 212 19 0 0 0 0 0 0 61 190 8 0 0 0 0 0 0 3 4 0 0 0 0 0 0 0 0 0 0 0 0 0 0 0 0 0 0 0 0 0 0 0 0 0 0 0 2 0 0 0 0 0 0 48 3244 55 0 0 0 0 0 0 736 981 93 0 0 0 0 0 0 27 272 183 13 0 0 0 0 0 0 85 166 6 0 0 0 0 0 0 1 0 0 0 0 0 0 0 0 0 0 0 0 0 0 0 0 0 0 0 0 0 0 0 0 0 0 1 151 0 0 0 0 0 0 0 633 1234 20 0 0 0 0 0 0 594 945 49 0 0 0 0 0 0 80 329 205 10 0 0 0 0 0 1 198 188 0 0 0 0 0 0 0 1 0 0 0 0 0 0 0 0 0 0 0 0 0 0 0 0 0 0 0 0 0 0 0 0 0 0 0 11 0 0 0 0 0 0 0 131 457 2 0 0 0 0 0 0 387 685 31 0 0 0 0 0 0 90 472 349 4 0 0 0 0 0 4 395 237 0 0 0 0 0 0 0 0 0 0 0 0 0 0 0 0 0 0 0 0 0 0 0 0 0 0 0 0 0 0 0 0 0 0 0 0 0 0 0 0 0 0 0 23 80 0 0 0 0 0 0 0 121 303 25 0 0 0 0 0 0 88 577 672 
[ 3#id15 ]4635 59 0 0 0 0 0 0 159 423 50 0 0 0 0 0 0 2 7 0 0 0 0 0 0 0 0 0 0 0 0 0 0 0 0 0 0 0 0 0 0 0 0 0 0 0 0 0 0 0 0 0 0 0 0 0 0 0 0 0 0 0 0 0 3244 25 0 0 0 0 0 0 1231 1653 126 0 0 0 0 0 1 158 292 26 0 0 0 0 0 0 2 3 1 0 0 0 0 0 0 0 0 0 0 0 0 0 0 0 0 0 0 0 0 0 0 0 0 0 0 0 0 0 0 0 0 0 0 0 329 0 0 0 0 0 0 0 1860 797 15 0 0 0 0 0 7 446 418 32 0 0 0 0 0 3 83 142 23 0 0 0 0 0 0 0 5 5 12 0 0 0 0 0 0 0 12 0 0 0 0 0 0 0 0 0 0 0 0 0 0 0 0 0 0 0 0 0 0 0 0 0 848 502 0 0 0 0 0 0 202 1570 159 0 0 0 0 0 0 29 371 291 16 0 0 0 0 0 3 170 212 17 5 0 0 0 0 0 3 5 6 0 0 0 0 0 0 0 0 0 0 0 0 0 0 0 0 0 0 0 0 0 0 0 0 0 71 58 0 0 0 0 0 0 657 3228 86 0 0 0 0 0 4 626 729 88 0 0 0 0 0 0 34 364 279 19 0 0 0 0 0 3 96 161 4 0 0 0 0 0 0 1 1 0 0 0 0 0 0 0 0 0 0 0 0 0 0 0 0 0 2 2 0 0 0 0 0 0 676 1914 8 0 0 0 0 0 24 2102 1061 16 0 0 0 0 0 0 395 512 70 0 0 0 0 0 0 89 323 181 5 0 0 0 0 0 4 69 112 1 0 0 0 0 0 0 0 0 0 0 0 0 0 0 0 0 0 0 0 0 0 0 0 0 1 5 0 0 0 0 0 0 0 45 88 1 0 0 0 0 0 1 386 418 3 0 0 0 0 0 3 455 560 42 0 0 0 0 0 3 157 434 149 2 0 0 0 0 0 16 109 59 0 0 0 0 0 0 0 0 0 0 0 0 0 0 0 0 0 0 0 0 0 0 0 0 0 0 0 0 0 0 0 0 0 0 4 12 0 0 0 0 0 0 2 157 213 2 0 0 0 0 0 6 341 492 30 0 0 0 0 0 1 231 486 316 
[ 3#id16 ]2686 0 0 0 0 0 0 0 0 0 0 0 0 0 0 0 0 0 0 0 0 0 0 0 0 0 0 0 0 0 0 0 0 0 0 0 0 0 0 0 0 0 0 0 0 0 0 0 0 0 0 0 0 0 0 0 0 0 0 0 0 0 0 0 850 0 0 0 0 0 0 0 0 1 0 0 0 0 0 0 0 0 0 0 0 0 0 0 0 0 0 0 0 0 0 0 0 0 0 0 0 0 0 0 0 0 0 0 0 0 0 0 0 0 0 0 0 0 0 0 0 0 0 0 0 0 0 0 696 0 0 0 0 0 0 0 22 3 0 0 0 0 0 0 0 0 0 0 0 0 0 0 0 0 0 0 0 0 0 0 0 0 0 0 0 0 0 0 0 0 0 0 0 0 0 0 0 0 0 0 0 0 0 0 0 0 0 0 0 0 0 0 832 1 0 0 0 0 0 0 53 3 0 0 0 0 0 0 4 1 0 0 0 0 0 0 0 0 0 0 0 0 0 0 0 0 0 0 0 0 0 0 0 0 0 0 0 0 0 0 0 0 0 0 0 0 0 0 0 0 0 0 0 0 0 0 1761 8 0 0 0 0 0 0 60 10 0 0 0 0 0 0 34 10 1 0 0 0 0 0 0 4 0 0 0 0 0 0 0 0 0 0 0 0 0 0 0 0 0 0 0 0 0 0 0 0 0 0 0 0 0 0 0 0 0 0 0 0 0 0 5905 4 0 0 0 0 0 0 2172 19 0 0 0 0 0 0 400 21 0 0 0 0 0 0 7 29 4 0 0 0 0 0 0 2 2 0 0 0 0 0 0 0 0 0 0 0 0 0 0 0 0 0 0 0 0 0 0 0 0 0 0 0 0 0 4003 1 0 0 0 0 0 0 3013 13 0 0 0 0 0 0 3886 16 0 0 0 0 0 0 1811 36 2 0 0 0 0 0 6 43 1 0 0 0 0 0 0 0 0 0 0 0 0 0 0 0 0 0 0 0 0 0 0 0 0 0 0 0 0 0 287 0 0 0 0 0 0 0 368 1 0 0 0 0 0 0 816 9 0 0 0 0 0 0 4423 38 1 0 0 0 0 0 4871 131 10 8 0 0 0 0 3 127 95 16 0 0 0 0 0 0 22 25 44 2 0 0 0 0 0 0 5 39 45 178 
[ 3#id17 ]3 3 0 0 0 0 0 0 0 46 19 8 0 0 0 0 0 0 0 10 0 0 0 0 0 0 0 0 0 0 0 0 0 0 0 0 0 0 0 0 0 0 0 0 0 0 0 0 0 0 0 0 0 0 0 0 0 0 0 0 0 0 0 0 15 195 4 0 0 0 0 0 10 427 46 1 0 0 0 0 0 19 27 26 7 0 0 0 0 0 0 0 14 10 0 0 0 0 0 0 0 0 0 0 0 0 0 0 0 0 0 0 0 0 0 0 0 0 0 0 0 0 0 0 0 0 0 0 1 14 0 1 0 0 0 0 1 169 108 13 0 0 0 0 0 29 82 70 1 0 0 0 0 1 18 34 45 16 0 0 0 0 0 0 1 27 19 1 0 0 0 0 0 0 1 3123 0 0 0 0 0 0 0 3 0 0 0 0 0 0 0 0 0 5 0 0 0 0 0 0 1 64 135 39 0 0 0 0 2 14 43 52 2 0 0 0 0 4 57 45 32 3 0 0 0 1 7 30 57 141 62 2 0 0 0 0 0 5 68 532 0 0 0 0 0 0 0 18 0 0 0 0 0 0 0 0 1 187 215 0 0 0 0 0 0 165 305 75 0 0 0 0 1 33 133 36 5 0 0 0 0 21 28 16 13 0 0 0 0 199 650 132 55 105 12 0 0 0 0 6 19 32 83 20 0 0 0 0 0 0 0 43 0 0 0 0 0 0 0 0 0 2276 2039 2 0 0 0 0 2 230 966 138 0 0 0 0 0 60 239 30 0 0 0 0 0 210 226 94 10 0 0 0 0 1786 1685 117 35 13 0 0 0 1 356 261 156 265 4 0 0 0 25 284 0 3 4 9 0 0 0 0 0 0 0 0 0 1186 1056 8 0 0 0 0 0 300 1387 612 0 0 0 0 0 55 281 33 0 0 0 0 9 49 172 82 3 0 0 0 1 1147 810 159 19 4 0 0 0 6 574 357 38 13 0 0 0 0 18 149 15 3 5 0 0 0 0 0 0 0 0 0 0 609 1179 17 0 0 0 0 0 107 1654 175 0 0 0 0 4 24 222 37 0 0 0 0 136 1957 589 172 8 0 0 0 14 1486 933 241 33 0 0 0 0 86 829 189 76 5 0 0 0 0 160 54 16 12 1 0 0 0 0 0 0 14 46 159 
[ 3#id18 ]5 0 0 0 0 0 0 0 1 0 0 0 0 0 0 0 0 0 0 0 0 0 0 0 0 0 0 0 0 0 0 0 0 0 0 0 0 0 0 0 0 0 0 0 0 0 0 0 0 0 0 0 0 0 0 0 0 0 0 0 0 0 0 0 4 0 0 0 0 0 0 0 81 381 0 0 0 0 0 0 0 13 0 0 0 0 0 0 0 0 0 0 0 0 0 0 0 0 0 0 0 0 0 0 0 0 0 0 0 0 0 0 0 0 0 0 0 0 0 0 0 0 0 0 0 0 0 0 0 0 0 0 0 0 0 0 0 139 0 0 0 0 0 0 0 1195 1221 0 0 0 0 0 0 0 6 0 0 0 0 0 0 0 0 0 0 0 0 0 0 0 0 0 0 0 0 0 0 0 0 0 0 0 0 0 0 0 0 0 0 0 0 0 0 0 0 0 0 0 0 0 0 0 0 0 0 0 0 0 0 0 209 0 0 0 0 0 0 0 805 438 0 0 0 0 0 0 0 5 0 0 0 0 0 0 0 0 0 0 0 0 0 0 0 0 0 0 0 0 0 0 0 0 0 0 0 0 0 0 0 0 0 0 0 0 0 0 0 0 0 0 0 0 0 0 0 0 0 0 0 0 0 0 4 187 0 0 0 0 0 0 0 960 845 0 0 0 0 0 0 0 8 0 0 0 0 0 0 0 0 0 0 0 0 0 0 0 0 0 0 0 0 0 0 0 0 0 0 0 0 0 0 0 0 0 0 0 0 0 0 0 0 0 0 0 0 0 0 0 0 0 0 0 0 0 0 4 791 0 0 0 0 0 0 0 3750 2619 0 0 0 0 0 0 0 5 0 0 0 0 0 0 0 0 0 0 0 0 0 0 0 0 0 0 0 0 0 0 0 0 0 0 0 0 0 0 0 0 0 0 0 0 0 0 0 0 0 0 0 0 0 0 0 0 0 0 0 0 0 0 28 1967 0 0 0 0 0 0 1 6133 4451 0 0 0 0 0 0 0 9 0 0 0 0 0 0 0 0 0 0 0 0 0 0 0 0 0 0 0 0 0 0 0 0 0 0 0 0 0 0 0 0 0 0 0 0 0 0 0 0 0 0 0 0 0 0 0 0 0 0 0 0 0 0 16 4855 0 0 0 0 0 0 0 8072 792 
[ 3#id19 ]1126 0 0 0 0 0 0 0 102 2 0 0 0 0 0 0 0 0 0 0 0 0 0 0 0 0 0 0 0 0 0 0 0 0 0 0 0 0 0 0 0 0 0 0 0 0 0 0 0 0 0 0 0 0 0 0 0 0 0 0 0 0 0 0 7 0 0 0 0 0 0 0 615 2563 0 0 0 0 0 0 0 296 1 0 0 0 0 0 0 0 0 0 0 0 0 0 0 0 0 0 0 0 0 0 0 0 0 0 0 0 0 0 0 0 0 0 0 0 0 0 0 0 0 0 0 0 0 0 0 0 0 0 0 0 0 0 0 114 0 0 0 0 0 0 0 3986 6407 0 0 0 0 0 0 0 713 1 0 0 0 0 0 0 0 0 0 0 0 0 0 0 0 0 0 0 0 0 0 0 0 0 0 0 0 0 0 0 0 0 0 0 0 0 0 0 0 0 0 0 0 0 0 0 0 0 0 0 0 0 0 0 86 0 0 0 0 0 0 0 3127 2444 0 0 0 0 0 0 0 451 2 0 0 0 0 0 0 0 0 0 0 0 0 0 0 0 0 0 0 0 0 0 0 0 0 0 0 0 0 0 0 0 0 0 0 0 0 0 0 0 0 0 0 0 0 0 0 0 0 0 0 0 0 0 0 1 0 0 0 0 0 0 0 755 3722 0 0 0 0 0 0 0 2826 29 0 0 0 0 0 0 0 0 0 0 0 0 0 0 0 0 0 0 0 0 0 0 0 0 0 0 0 0 0 0 0 0 0 0 0 0 0 0 0 0 0 0 0 0 0 0 0 0 0 0 0 0 0 0 1 0 0 0 0 0 0 0 1994 3337 0 0 0 0 0 0 0 1215 96 0 0 0 0 0 0 0 0 0 0 0 0 0 0 0 0 0 0 0 0 0 0 0 0 0 0 0 0 0 0 0 0 0 0 0 0 0 0 0 0 0 0 0 0 0 0 0 0 0 0 0 0 0 0 0 0 0 0 0 0 0 0 373 2217 0 0 0 0 0 0 0 454 56 0 0 0 0 0 0 0 0 0 0 0 0 0 0 0 0 0 0 0 0 0 0 0 0 0 0 0 0 0 0 0 0 0 0 0 0 0 0 0 0 0 0 0 0 0 0 0 0 0 0 0 0 0 0 0 0 0 0 0 0 0 0 88 793 
[ 3#id20 ]1539 1516 1240 1 0 0 0 0 0 225 1057 235 1 0 0 0 0 0 0 0 0 0 0 0 0 0 0 0 0 0 0 0 0 0 0 0 0 0 0 0 0 0 0 0 0 0 0 0 0 0 0 0 0 0 0 0 0 0 0 0 0 0 0 0 118 89 4 0 0 0 0 0 23 873 2413 1651 247 0 0 0 0 0 22 639 1790 884 263 1 0 0 0 0 0 0 1 0 0 0 0 0 0 0 0 0 0 0 0 0 0 0 0 0 0 0 0 0 0 0 0 0 0 0 0 0 0 0 0 0 0 0 0 0 0 0 0 0 0 43 16 6 1 0 0 0 0 27 177 751 2787 713 148 1 0 0 0 3 686 1308 3021 1131 0 0 0 0 0 0 0 0 0 0 0 0 0 0 0 0 0 0 0 0 0 0 0 0 0 0 0 0 0 0 0 0 0 0 0 0 0 0 0 0 0 0 0 0 0 0 0 0 0 0 3 6 6 0 0 0 0 0 0 11 576 889 393 551 0 0 0 0 8 155 675 3004 0 0 0 0 0 0 0 0 0 0 0 0 0 0 0 0 0 0 0 0 0 0 0 0 0 0 0 0 0 0 0 0 0 0 0 0 0 0 0 0 0 0 0 0 0 0 0 0 0 0 0 1 1 1 1 0 0 0 0 1 25 106 682 1588 0 0 0 0 0 2 271 1259 0 0 0 0 0 0 0 0 0 0 0 0 0 0 0 0 0 0 0 0 0 0 0 0 0 0 0 0 0 0 0 0 0 0 0 0 0 0 0 0 0 0 0 0 0 0 0 0 0 0 0 0 0 1 2 0 0 0 0 0 3 53 172 612 0 0 0 0 0 0 25 418 0 0 0 0 0 0 0 0 0 0 0 0 0 0 0 0 0 0 0 0 0 0 0 0 0 0 0 0 0 0 0 0 0 0 0 0 0 0 0 0 0 0 0 0 0 0 0 0 0 0 0 0 0 0 0 0 0 0 0 0 0 0 48 345 0 0 0 0 0 0 1 202 0 0 0 0 0 0 0 0 0 0 0 0 0 0 0 0 0 0 0 0 0 0 0 0 0 0 0 0 0 0 0 0 0 0 0 0 0 0 0 0 0 0 0 0 0 0 0 0 0 0 0 0 0 0 0 3 0 0 0 0 0 0 1 2248 
[ 3#id21 ]385 109 2930 1896 2 0 0 0 0 26 309 11586 28 0 0 0 0 0 0 0 0 0 0 0 0 0 0 0 0 0 0 0 0 0 0 0 0 0 0 0 0 0 0 0 0 0 0 0 0 0 0 0 0 0 0 0 0 0 0 0 0 0 0 0 225 355 0 0 0 0 0 0 32 884 211 42 2 0 0 0 0 11 40 19 0 0 0 0 0 0 0 0 0 0 0 0 0 0 0 0 0 0 0 0 0 0 0 0 0 0 0 0 0 0 0 0 0 0 0 0 0 0 0 0 0 0 0 0 0 0 0 0 0 0 0 0 0 281 21 0 0 0 0 0 0 215 1430 148 6 0 0 0 0 0 45 147 10 0 0 0 0 0 0 0 0 0 0 0 0 0 0 0 0 0 0 0 0 0 0 0 0 0 0 0 0 0 0 0 0 0 0 0 0 0 0 0 0 0 0 0 0 0 0 0 0 0 0 0 0 0 839 24 0 0 0 0 0 0 1084 4617 147 0 0 0 0 0 0 58 127 0 0 0 0 0 0 0 0 0 0 0 0 0 0 0 0 0 0 0 0 0 0 0 0 0 0 0 0 0 0 0 0 0 0 0 0 0 0 0 0 0 0 0 0 0 1 0 0 0 0 0 0 0 1 2978 40 0 0 0 0 0 0 1197 2417 69 0 0 0 0 0 0 56 173 2 0 0 0 0 0 0 0 0 0 0 0 0 0 0 0 0 0 0 0 0 0 0 0 0 0 0 0 0 0 0 0 0 0 0 0 0 0 0 0 0 0 0 0 0 0 0 0 0 0 0 0 0 0 228 11 0 0 0 0 0 0 262 1145 29 0 0 0 0 0 0 64 88 0 0 0 0 0 0 0 0 0 0 0 0 0 0 0 0 0 0 0 0 0 0 0 0 0 0 0 0 0 0 0 0 0 0 0 0 0 0 0 0 0 0 0 0 0 0 0 0 0 0 0 0 0 0 135 2 0 0 0 0 0 0 232 947 37 0 0 0 0 0 0 87 112 0 0 0 0 0 0 0 0 0 0 0 0 0 0 0 0 0 0 0 0 0 0 0 0 0 0 0 0 0 0 0 0 0 0 0 0 0 0 0 0 0 0 0 0 0 0 0 0 0 0 0 0 0 0 94 0 0 0 0 0 0 0 118 1184 
[ 3#id22 ]3559 770 0 0 0 0 0 0 5 981 92 2 0 0 0 0 0 0 5 31 2 0 0 0 0 0 0 0 11 5 0 0 0 0 0 0 0 0 0 0 0 0 0 0 0 0 0 0 0 0 0 0 0 0 0 0 0 0 0 0 0 0 0 0 2 4 0 0 0 0 0 0 4 1127 861 1 0 0 0 0 0 1 656 413 269 2 0 0 0 0 0 9 1738 245 0 0 0 0 0 0 0 0 0 0 0 0 0 0 0 0 0 0 0 0 0 0 0 0 0 0 0 0 0 0 0 0 0 0 0 0 0 0 0 0 0 0 0 0 0 0 0 0 0 0 0 1 463 597 10 0 0 0 0 0 2 486 826 539 0 0 0 0 0 0 9 99 4 0 0 0 0 0 0 0 0 0 0 0 0 0 0 0 0 0 0 0 0 0 0 0 0 0 0 0 0 0 0 0 0 0 0 0 0 0 0 0 0 0 0 0 0 0 0 0 0 0 0 0 1 342 770 47 0 0 0 0 0 5 1146 1337 154 0 0 0 0 0 0 8 11 0 0 0 0 0 0 0 0 0 0 0 0 0 0 0 0 0 0 0 0 0 0 0 0 0 0 0 0 0 0 0 0 0 0 0 0 0 0 0 0 0 0 0 0 4 1 0 0 0 0 0 0 1 506 2442 73 0 0 0 0 0 0 2701 1906 37 0 0 0 0 0 0 6 0 0 0 0 0 0 0 0 0 0 0 0 0 0 0 0 0 0 0 0 0 0 0 0 0 0 0 0 0 0 0 0 0 0 0 0 0 0 0 0 0 0 0 0 0 1 1 0 0 0 0 0 0 0 501 2916 92 0 0 0 0 0 1 2270 1568 0 0 0 0 0 0 0 8 0 0 0 0 0 0 0 0 0 0 0 0 0 0 0 0 0 0 0 0 0 0 0 0 0 0 0 0 0 0 0 0 0 0 0 0 0 0 0 0 0 0 0 0 0 0 0 0 0 0 0 0 0 0 267 1724 0 0 0 0 0 0 2 2074 0 0 0 0 0 0 0 0 0 0 0 0 0 0 0 0 0 0 0 0 0 0 0 0 0 0 0 0 0 0 0 0 0 0 0 0 0 0 0 0 0 0 0 0 0 0 0 0 0 0 0 0 0 0 0 2 0 0 0 0 0 0 0 3244 
[ 3#id23 ]6283 1297 1 0 0 0 0 0 388 1087 158 0 0 0 0 0 0 13 38 1 0 0 0 0 0 0 29 50 0 0 0 0 0 0 0 46 27 0 0 0 0 0 0 0 6 0 0 0 0 0 0 0 0 2 0 0 0 0 0 0 0 0 0 0 522 83 0 0 0 0 0 0 1053 4975 470 0 0 0 0 0 3 236 665 96 1 0 0 0 0 0 11 41 11 0 0 0 0 0 0 9 27 0 0 0 0 0 0 0 5 2 0 0 0 0 0 0 1 1 0 0 0 0 0 0 0 0 0 0 29 17 0 0 0 0 0 0 150 966 25 0 0 0 0 0 4 1248 2569 239 0 0 0 0 0 4 260 678 226 6 0 0 0 0 0 10 105 10 0 0 0 0 0 0 4 2 0 0 0 0 0 0 0 2 0 0 0 0 0 0 0 0 0 0 8 10 0 0 0 0 0 0 3 42 4 0 0 0 0 0 19 320 1082 29 0 0 0 0 0 7 1147 1807 187 2 0 0 0 0 2 164 765 221 6 0 0 0 0 0 24 61 16 0 0 0 0 0 0 0 0 0 0 0 0 0 0 0 0 0 14 3 0 0 0 0 0 0 0 16 0 0 0 0 0 0 1 16 89 29 0 0 0 0 27 47 521 728 45 0 0 0 0 1 17 501 1036 262 1 0 0 0 0 1 183 642 206 1 0 0 0 0 0 39 37 4 0 0 0 0 0 0 0 0 0 0 0 0 0 0 0 0 0 3 0 0 0 0 0 0 0 0 4 1 0 0 0 0 1 7 55 150 79 0 0 0 0 11 39 312 409 37 2 0 0 0 4 17 291 671 126 0 0 0 0 0 2 139 337 90 0 0 0 0 0 0 28 17 0 0 0 0 0 0 0 0 0 0 0 0 0 0 0 0 0 0 0 0 0 0 0 0 0 0 0 4 10 0 0 0 0 2 9 26 115 117 0 0 0 0 27 27 96 237 54 0 0 0 1 17 13 148 309 64 0 0 0 0 1 2 17 139 0 0 0 0 0 0 0 0 0 0 0 0 0 0 0 0 0 0 0 0 0 0 0 0 0 0 0 0 0 0 0 0 0 0 0 0 2 61 0 0 0 0 5 3 12 89 55 1 0 0 7 43 30 30 81 39 0 0 0 3 49 38 67 533 
[ 3#id24 ]6744 895 0 0 0 0 0 0 479 1606 371 17 0 0 0 0 0 33 203 270 6 0 0 0 0 1 69 145 189 4 0 0 0 0 0 64 31 113 12 0 0 0 0 0 3 19 17 0 0 0 0 0 0 0 0 0 0 0 0 0 0 0 0 0 469 25 0 0 0 0 0 0 982 2375 345 0 0 0 0 0 8 214 714 428 0 0 0 0 0 0 26 161 25 0 0 0 0 0 0 19 21 32 8 0 0 0 0 0 3 17 14 0 0 0 0 0 0 0 0 0 0 0 0 0 0 0 0 0 147 18 0 0 0 0 0 0 198 806 28 0 0 0 0 0 30 1053 1360 139 0 0 0 0 0 58 278 499 215 5 0 0 0 1 15 17 55 43 0 0 0 0 0 0 2 2 8 0 0 0 0 0 0 0 1 2 0 0 0 0 0 0 0 0 55 16 0 0 0 0 0 0 11 39 0 0 0 0 0 0 32 496 810 21 0 0 0 0 2 46 2340 1674 116 0 0 0 0 0 29 346 678 181 2 0 0 0 3 7 13 22 0 1 0 0 0 0 0 0 2 10 0 0 0 0 0 0 0 0 19 5 0 0 0 0 0 0 6 19 0 0 0 0 0 0 4 22 50 28 0 0 0 0 4 32 636 628 9 0 0 0 0 4 99 653 1207 139 0 0 0 0 0 12 387 664 122 0 0 0 0 0 0 2 22 4 0 0 0 0 0 0 0 3 11 6 0 0 0 0 0 0 2 6 0 0 0 0 0 0 0 0 3 0 0 0 0 0 0 0 19 38 96 0 0 0 0 8 60 295 212 4 0 0 0 0 8 149 512 864 193 0 0 0 0 2 5 165 485 52 0 0 0 0 0 0 5 9 0 0 0 0 0 0 0 0 0 0 0 0 0 0 0 0 0 0 0 0 0 0 0 0 0 0 0 0 17 0 0 0 0 2 2 4 29 39 0 0 0 3 7 72 210 107 1 0 0 0 1 13 189 228 476 145 0 0 0 0 0 4 71 252 0 0 0 0 0 0 0 0 0 0 0 0 0 0 0 0 0 0 0 0 0 0 0 0 0 0 0 0 0 0 0 0 0 0 0 0 0 10 0 0 0 4 3 2 4 9 4 0 0 0 17 39 81 40 23 0 0 0 0 4 38 143 123 486 
[ 3#id25 ]1378 144 13 0 0 0 0 0 2 22 372 0 0 0 0 0 0 0 0 0 0 0 0 0 0 0 0 0 0 0 0 0 0 0 0 0 0 0 0 0 0 0 0 0 0 0 0 0 0 0 0 0 0 0 0 0 0 0 0 0 0 0 0 0 412 10 0 0 0 0 0 0 533 794 413 127 0 0 0 0 0 2 151 792 0 0 0 0 0 0 0 0 0 0 0 0 0 0 0 0 0 0 0 0 0 0 0 0 0 0 0 0 0 0 0 0 0 0 0 0 0 0 0 0 0 0 0 0 0 0 0 0 0 0 0 0 164 487 17 0 0 0 0 0 12 585 1321 1219 0 0 0 0 0 0 4 544 569 0 0 0 0 0 0 0 0 0 0 0 0 0 0 0 0 0 0 0 0 0 0 0 0 0 0 0 0 0 0 0 0 0 0 0 0 0 0 0 0 0 0 0 0 0 0 0 0 0 0 0 2 311 546 27 0 0 0 0 0 24 677 2012 1305 0 0 0 0 0 0 13 1377 390 0 0 0 0 0 0 0 0 0 0 0 0 0 0 0 0 0 0 0 0 0 0 0 0 0 0 0 0 0 0 0 0 0 0 0 0 0 0 0 0 0 0 0 0 0 0 0 0 0 0 0 13 469 654 7 0 0 0 0 0 61 1010 3020 1282 0 0 0 0 0 0 34 48 0 0 0 0 0 0 0 0 0 0 0 0 0 0 0 0 0 0 0 0 0 0 0 0 0 0 0 0 0 0 0 0 0 0 0 0 0 0 0 0 0 0 0 0 0 0 0 0 0 0 0 0 26 546 647 2 0 0 0 0 0 95 1848 3430 1 0 0 0 0 0 0 38 0 0 0 0 0 0 0 0 0 0 0 0 0 0 0 0 0 0 0 0 0 0 0 0 0 0 0 0 0 0 0 0 0 0 0 0 0 0 0 0 0 0 0 0 0 0 0 0 0 0 0 0 0 57 722 615 0 0 0 0 0 0 268 2214 3247 0 0 0 0 0 0 0 62 0 0 0 0 0 0 0 0 0 0 0 0 0 0 0 0 0 0 0 0 0 0 0 0 0 0 0 0 0 0 0 0 0 0 0 0 0 0 0 0 0 0 0 0 0 1 0 0 0 0 0 0 0 340 569 157 0 0 0 0 0 0 354 1163 229 
[ 3#id26 ]1369 119 0 0 0 0 0 0 503 1020 233 0 0 0 0 0 0 0 23 14 0 0 0 0 0 0 0 0 0 0 0 0 0 0 0 0 0 0 0 0 0 0 0 0 0 0 0 0 0 0 0 0 0 0 0 0 0 0 0 0 0 0 0 0 7 1 0 0 0 0 0 0 491 2161 318 0 0 0 0 0 1 452 1193 409 5 0 0 0 0 0 0 38 34 0 0 0 0 0 0 0 0 0 0 0 0 0 0 0 0 0 0 0 0 0 0 0 0 0 0 0 0 0 0 0 0 0 0 0 0 0 0 0 0 0 0 0 0 16 0 0 0 0 0 0 2 866 1331 357 0 0 0 0 0 61 381 1150 833 44 0 0 0 0 0 0 74 164 0 0 0 0 0 0 0 0 0 0 0 0 0 0 0 0 0 0 0 0 0 0 0 0 0 0 0 0 0 0 0 0 0 0 0 0 0 0 0 0 0 0 0 0 50 0 0 0 0 0 0 34 1210 671 565 2 0 0 0 0 50 57 1300 1492 118 0 0 0 0 0 0 99 330 31 0 0 0 0 0 0 0 0 0 0 0 0 0 0 0 0 0 0 0 0 0 0 0 0 0 0 0 0 0 0 0 0 0 0 0 0 0 0 0 0 0 0 0 28 0 0 0 0 0 0 10 94 198 589 7 0 0 0 0 0 11 1988 2072 407 0 0 0 0 0 0 151 685 0 0 0 0 0 0 0 0 0 0 0 0 0 0 0 0 0 0 0 0 0 0 0 0 0 0 0 0 0 0 0 0 0 0 0 0 0 0 0 0 0 0 0 0 0 0 0 0 0 0 0 0 0 192 1796 12 0 0 0 0 0 3 4062 2893 0 0 0 0 0 0 0 182 0 0 0 0 0 0 0 0 0 0 0 0 0 0 0 0 0 0 0 0 0 0 0 0 0 0 0 0 0 0 0 0 0 0 0 0 0 0 0 0 0 0 0 0 0 0 0 0 0 0 0 0 0 0 113 1549 0 0 0 0 0 0 3 3240 0 0 0 0 0 0 0 0 0 0 0 0 0 0 0 0 0 0 0 0 0 0 0 0 0 0 0 0 0 0 0 0 0 0 0 0 0 0 0 0 0 0 0 0 0 0 0 0 0 0 0 0 0 0 0 0 0 0 0 0 0 0 0 36 
[ 3#id27 ]6 4 0 0 0 0 0 0 0 256 11 0 0 0 0 0 0 0 0 0 0 0 0 0 0 0 0 0 0 0 0 0 0 0 0 0 0 0 0 0 0 0 0 0 0 0 0 0 0 0 0 0 0 0 0 0 0 0 0 0 0 0 0 0 0 0 0 0 0 0 0 0 0 227 261 0 0 0 0 0 0 3 1390 722 0 0 0 0 0 0 0 1 0 0 0 0 0 0 0 0 0 0 0 0 0 0 0 0 0 0 0 0 0 0 0 0 0 0 0 0 0 0 0 0 0 0 0 0 0 0 0 0 0 0 0 0 0 0 0 0 0 0 0 0 0 0 143 208 0 0 0 0 0 0 6 934 32 0 0 0 0 0 0 0 0 0 0 0 0 0 0 0 0 0 0 0 0 0 0 0 0 0 0 0 0 0 0 0 0 0 0 0 0 0 0 0 0 0 0 0 0 0 0 0 0 0 0 0 0 0 0 0 0 0 0 0 0 0 0 394 389 0 0 0 0 0 0 51 3208 112 0 0 0 0 0 0 0 0 0 0 0 0 0 0 0 0 0 0 0 0 0 0 0 0 0 0 0 0 0 0 0 0 0 0 0 0 0 0 0 0 0 0 0 0 0 0 0 0 0 0 0 0 0 0 0 0 0 0 0 0 0 2 1998 866 0 0 0 0 0 0 440 3696 0 0 0 0 0 0 0 0 0 0 0 0 0 0 0 0 0 0 0 0 0 0 0 0 0 0 0 0 0 0 0 0 0 0 0 0 0 0 0 0 0 0 0 0 0 0 0 0 0 0 0 0 0 0 0 0 0 0 0 0 0 0 35 6277 213 0 0 0 0 0 0 3192 1930 0 0 0 0 0 0 0 0 0 0 0 0 0 0 0 0 0 0 0 0 0 0 0 0 0 0 0 0 0 0 0 0 0 0 0 0 0 0 0 0 0 0 0 0 0 0 0 0 0 0 0 0 0 0 761 0 0 0 0 0 0 0 8153 3504 0 0 0 0 0 0 0 220 32 0 0 0 0 0 0 0 0 0 0 0 0 0 0 0 0 0 0 0 0 0 0 0 0 0 0 0 0 0 0 0 0 0 0 0 0 0 0 0 0 0 0 0 0 0 0 0 0 0 0 0 0 0 0 0 0 0 0 0 0 0 0 50 273 
[ 3#id28 ]1883 14 0 0 0 0 0 0 0 0 0 0 0 0 0 0 0 0 0 0 0 0 0 0 0 0 0 0 0 0 0 0 0 0 0 0 0 0 0 0 0 0 0 0 0 0 0 0 0 0 0 0 0 0 0 0 0 0 0 0 0 0 0 0 3497 2109 59 0 0 0 0 0 3 781 192 12 0 0 0 0 0 0 0 0 0 0 0 0 0 0 0 0 0 0 0 0 0 0 0 0 0 0 0 0 0 0 0 0 0 0 0 0 0 0 0 0 0 0 0 0 0 0 0 0 0 0 0 0 307 272 8 0 0 0 0 0 9 1052 1841 712 42 0 0 0 0 0 189 80 121 0 0 0 0 0 0 0 0 0 0 0 0 0 0 0 0 0 0 0 0 0 0 0 0 0 0 0 0 0 0 0 0 0 0 0 0 0 0 0 0 0 0 0 143 25 0 0 0 0 0 0 33 240 540 97 7 0 0 0 0 3 560 1203 2412 430 0 0 0 0 0 42 15 3 0 0 0 0 0 0 0 0 0 0 0 0 0 0 0 0 0 0 0 0 0 0 0 0 0 0 0 0 0 0 0 0 0 0 47 2 0 0 0 0 0 0 101 418 295 0 0 0 0 0 0 6 668 898 1081 1121 0 0 0 0 4 190 505 3797 28 0 0 0 0 0 10 2 0 0 0 0 0 0 0 0 0 0 0 0 0 0 0 0 0 0 0 0 0 0 0 0 0 0 3 0 0 0 0 0 0 0 77 412 59 0 0 0 0 0 0 46 209 268 37 0 0 0 0 0 5 156 642 1022 482 0 0 0 0 0 65 236 342 0 0 0 0 0 0 2 0 0 0 0 0 0 0 0 0 0 0 0 0 0 0 0 0 0 0 0 0 0 0 0 0 0 12 398 29 0 0 0 0 0 0 55 187 62 0 0 0 0 0 1 40 182 216 182 0 0 0 0 2 8 74 544 494 0 0 0 0 0 0 8 20 0 0 0 0 0 0 0 0 0 0 0 0 0 0 0 0 0 0 0 0 0 0 0 0 0 0 271 6 0 0 0 0 0 0 716 722 11 0 0 0 0 0 24 785 349 87 0 0 0 0 0 302 686 514 176 1 0 0 0 0 161 195 175 29 0 0 0 0 0 40 52 3 0 0 0 0 0 0 9 0 0 
[ 3#id29 ]1732 2436 0 0 0 0 0 0 33 3171 2286 0 0 0 0 0 0 0 0 0 0 0 0 0 0 0 0 0 0 0 0 0 0 0 0 0 0 0 0 0 0 0 0 0 0 0 0 0 0 0 0 0 0 0 0 0 0 0 0 0 0 0 0 0 332 0 0 0 0 0 0 0 390 1735 4435 411 0 0 0 0 0 0 717 3344 61 0 0 0 0 0 0 0 0 0 0 0 0 0 0 0 0 0 0 0 0 0 0 0 0 0 0 0 0 0 0 0 0 0 0 0 0 0 0 0 0 0 0 0 0 0 0 0 0 0 0 0 123 357 187 0 0 0 0 0 1 62 1687 3157 556 0 0 0 0 0 0 64 1028 0 0 0 0 0 0 0 0 0 0 0 0 0 0 0 0 0 0 0 0 0 0 0 0 0 0 0 0 0 0 0 0 0 0 0 0 0 0 0 0 0 0 0 42 26 0 0 0 0 0 0 77 406 602 1240 19 0 0 0 0 0 56 1142 1153 2 0 0 0 0 0 0 0 0 0 0 0 0 0 0 0 0 0 0 0 0 0 0 0 0 0 0 0 0 0 0 0 0 0 0 0 0 0 0 0 0 0 0 0 0 0 0 0 0 0 0 4 276 29 6 0 0 0 0 0 143 357 1661 267 0 0 0 0 0 0 27 43 1 0 0 0 0 0 0 0 0 0 0 0 0 0 0 0 0 0 0 0 0 0 0 0 0 0 0 0 0 0 0 0 0 0 0 0 0 0 0 0 0 0 0 0 0 0 0 0 0 0 0 0 110 313 571 46 0 0 0 0 2 40 370 353 0 0 0 0 0 0 0 0 0 0 0 0 0 0 0 0 0 0 0 0 0 0 0 0 0 0 0 0 0 0 0 0 0 0 0 0 0 0 0 0 0 0 0 0 0 0 0 0 0 0 0 0 0 7 0 0 0 0 0 0 0 124 385 246 0 0 0 0 0 4 90 473 11 0 0 0 0 0 0 0 0 0 0 0 0 0 0 0 0 0 0 0 0 0 0 0 0 0 0 0 0 0 0 0 0 0 0 0 0 0 0 0 0 0 0 0 0 0 0 0 0 0 0 0 0 0 2 3 0 0 0 0 0 3 79 357 106 0 0 0 0 0 8 153 194 0 0 0 0 0 0 1 65 0 0 
[ 3#id30 ]5553 0 0 0 0 0 0 0 0 0 0 0 0 0 0 0 0 0 0 0 0 0 0 0 0 0 0 0 0 0 0 0 0 0 0 0 0 0 0 0 0 0 0 0 0 0 0 0 0 0 0 0 0 0 0 0 0 0 0 0 0 0 0 0 1875 0 0 0 0 0 0 0 381 104 0 0 0 0 0 0 0 1 0 0 0 0 0 0 0 0 0 0 0 0 0 0 0 0 0 0 0 0 0 0 0 0 0 0 0 0 0 0 0 0 0 0 0 0 0 0 0 0 0 0 0 0 0 0 340 0 0 0 0 0 0 0 1352 617 0 0 0 0 0 0 6 431 49 0 0 0 0 0 0 0 4 0 0 0 0 0 0 0 0 0 0 0 0 0 0 0 0 0 0 0 0 0 0 0 0 0 0 0 0 0 0 0 0 0 0 0 0 0 30 0 0 0 0 0 0 0 2216 766 0 0 0 0 0 0 122 1066 199 0 0 0 0 0 0 18 560 27 0 0 0 0 0 0 4 102 0 0 0 0 0 0 0 0 0 0 0 0 0 0 0 0 0 0 0 0 0 0 0 0 0 0 0 0 0 0 0 0 0 0 0 0 298 38 0 0 0 0 0 0 1623 2652 38 0 0 0 0 0 0 357 1625 108 0 0 0 0 0 0 555 4382 2 0 0 0 0 0 0 0 0 0 0 0 0 0 0 0 0 0 0 0 0 0 0 0 0 0 0 0 0 0 0 0 0 0 0 0 9 0 0 0 0 0 0 0 1509 1498 1 0 0 0 0 0 71 1711 1018 7 0 0 0 0 0 4 746 900 6 0 0 0 0 0 0 3 5 0 0 0 0 0 0 0 0 0 0 0 0 0 0 0 0 0 0 0 0 0 0 0 0 0 0 0 0 0 0 0 0 0 0 0 74 18 0 0 0 0 0 0 233 1381 380 0 0 0 0 0 0 52 1572 228 2 0 0 0 0 0 0 56 2 0 0 0 0 0 0 0 0 0 0 0 0 0 0 0 0 0 0 0 0 0 0 0 0 0 0 0 0 0 0 0 0 0 0 0 0 0 0 0 0 0 0 0 41 72 0 0 0 0 0 0 0 177 484 21 0 0 0 0 0 0 67 146 4 0 0 0 0 0 0 1 0 0 0 0 0 0 0 0 0 0 0 0 
[ 3#id31 ]6525 0 0 0 0 0 0 0 2 0 0 0 0 0 0 0 0 0 0 0 0 0 0 0 0 0 0 0 0 0 0 0 0 0 0 0 0 0 0 0 0 0 0 0 0 0 0 0 0 0 0 0 0 0 0 0 0 0 0 0 0 0 0 0 560 0 0 0 0 0 0 0 349 553 0 0 0 0 0 0 0 7 0 0 0 0 0 0 0 0 0 0 0 0 0 0 0 0 0 0 0 0 0 0 0 0 0 0 0 0 0 0 0 0 0 0 0 0 0 0 0 0 0 0 0 0 0 0 125 0 0 0 0 0 0 0 632 3124 1 0 0 0 0 0 0 896 466 0 0 0 0 0 0 0 2 0 0 0 0 0 0 0 0 0 0 0 0 0 0 0 0 0 0 0 0 0 0 0 0 0 0 0 0 0 0 0 0 0 0 0 0 0 2 0 0 0 0 0 0 0 547 1894 0 0 0 0 0 0 80 4747 682 0 0 0 0 0 0 45 957 128 0 0 0 0 0 0 14 151 0 0 0 0 0 0 0 0 0 0 0 0 0 0 0 0 0 0 0 0 0 0 0 0 0 0 0 0 0 0 0 0 0 0 0 0 19 1 0 0 0 0 0 0 244 4012 135 0 0 0 0 0 0 449 1750 194 0 0 0 0 0 0 479 2807 39 0 0 0 0 0 0 0 1 0 0 0 0 0 0 0 0 0 0 0 0 0 0 0 0 0 0 0 0 0 0 0 0 0 0 0 0 0 0 0 0 0 0 0 34 359 0 0 0 0 0 0 4 1445 812 5 0 0 0 0 0 0 577 1961 10 0 0 0 0 0 0 150 19 0 0 0 0 0 0 0 0 0 0 0 0 0 0 0 0 0 0 0 0 0 0 0 0 0 0 0 0 0 0 0 0 0 0 0 0 0 0 0 0 0 0 0 0 266 57 0 0 0 0 0 0 44 505 319 0 0 0 0 0 0 1 314 4 0 0 0 0 0 0 0 0 0 0 0 0 0 0 0 0 0 0 0 0 0 0 0 0 0 0 0 0 0 0 0 0 0 0 0 0 0 0 0 0 0 0 0 0 0 0 0 0 0 0 0 0 9 197 43 0 0 0 0 0 0 86 160 0 0 0 0 0 0 0 0 0 0 0 0 0 0 0 0 0 0 0 0 
[ 3#id32 ]385 9 0 0 0 0 0 0 3218 1803 2 0 0 0 0 0 42 11 0 0 0 0 0 0 0 0 0 0 0 0 0 0 0 0 0 0 0 0 0 0 0 0 0 0 0 0 0 0 0 0 0 0 0 0 0 0 0 0 0 0 0 0 0 0 0 0 0 0 0 0 0 0 782 1767 81 0 0 0 0 0 2567 3796 722 32 0 0 0 0 123 225 0 0 0 0 0 0 0 0 0 0 0 0 0 0 0 0 0 0 0 0 0 0 0 0 0 0 0 0 0 0 0 0 0 0 0 0 0 0 0 0 0 0 0 0 0 0 0 0 0 0 0 0 0 0 246 803 369 156 0 0 0 0 957 5654 2193 262 1 0 0 0 17 183 129 0 0 0 0 0 0 0 0 0 0 0 0 0 0 0 0 0 0 0 0 0 0 0 0 0 0 0 0 0 0 0 0 0 0 0 0 0 0 0 0 0 0 0 0 0 0 0 0 0 0 0 0 0 24 308 472 162 36 0 0 0 57 1175 3455 374 58 1 0 0 0 31 104 9 0 0 0 0 0 0 0 0 0 0 0 0 0 0 0 0 0 0 0 0 0 0 0 0 0 0 0 0 0 0 0 0 0 0 0 0 0 0 0 0 0 0 0 0 0 0 0 0 0 0 0 0 1 28 199 151 57 14 0 0 4 116 976 1043 144 36 0 0 0 2 42 69 3 0 0 0 0 0 0 0 0 0 0 0 0 0 0 0 0 0 0 0 0 0 0 0 0 0 0 0 0 0 0 0 0 0 0 0 0 0 0 0 0 0 0 0 0 0 0 0 0 0 0 0 0 0 43 136 67 30 7 0 0 9 159 922 400 68 23 0 0 0 9 94 25 1 0 0 0 0 0 0 0 0 0 0 0 0 0 0 0 0 0 0 0 0 0 0 0 0 0 0 0 0 0 0 0 0 0 0 0 0 0 0 0 0 0 0 0 0 0 0 0 0 0 0 0 0 9 117 87 34 65 6 0 0 22 554 1158 89 32 11 0 0 0 0 0 0 0 0 0 0 0 0 0 0 0 0 0 0 0 0 0 0 0 0 0 0 0 0 0 0 0 0 0 0 0 0 0 0 0 0 0 0 0 0 0 0 0 0 0 0 0 0 0 0 0 0 0 0 0 18 50 23 36 10 
[ 3#id33 ]5747 195 0 0 0 0 0 0 256 95 0 0 0 0 0 0 0 0 0 0 0 0 0 0 0 0 0 0 0 0 0 0 0 0 0 0 0 0 0 0 0 0 0 0 0 0 0 0 0 0 0 0 0 0 0 0 0 0 0 0 0 0 0 0 293 199 0 0 0 0 0 0 608 4439 102 0 0 0 0 0 1 408 75 0 0 0 0 0 0 0 0 0 0 0 0 0 0 0 0 0 0 0 0 0 0 0 0 0 0 0 0 0 0 0 0 0 0 0 0 0 0 0 0 0 0 0 0 0 61 8 0 0 0 0 0 0 26 720 116 0 0 0 0 0 0 979 3100 11 0 0 0 0 0 41 3377 86 0 0 0 0 0 0 50 10 0 0 0 0 0 0 0 0 0 0 0 0 0 0 0 0 0 0 0 0 0 0 0 0 0 0 0 0 119 30 0 0 0 0 0 0 21 232 26 0 0 0 0 0 0 69 417 26 0 0 0 0 0 8 1738 1461 25 0 0 0 0 0 345 2862 147 0 0 0 0 0 0 58 14 1 0 0 0 0 0 0 0 0 0 0 0 0 0 0 0 0 0 0 281 96 0 0 0 0 0 0 4 335 61 0 0 0 0 0 0 63 303 17 0 0 0 0 0 2 157 247 9 0 0 0 0 0 9 784 826 64 0 0 0 0 0 168 943 281 1 0 0 0 0 0 18 21 0 0 0 0 0 0 0 0 0 0 504 210 0 0 0 0 0 0 5 340 118 0 0 0 0 0 0 23 296 25 0 0 0 0 0 0 60 171 3 0 0 0 0 0 0 93 116 4 0 0 0 0 0 3 271 527 44 0 0 0 0 0 22 458 264 0 0 0 0 0 0 0 7 0 502 184 0 0 0 0 0 0 1 256 96 0 0 0 0 0 0 6 163 19 0 0 0 0 0 0 17 103 4 0 0 0 0 0 0 18 58 3 0 0 0 0 0 0 34 48 3 0 0 0 0 0 0 42 324 5 0 0 0 0 0 6 177 131 175 107 0 0 0 0 0 0 2 155 47 0 0 0 0 0 0 4 81 7 0 0 0 0 0 0 6 60 2 0 0 0 0 0 0 7 30 1 0 0 0 0 0 0 10 25 2 0 0 0 0 0 0 7 26 2 0 0 0 0 0 0 17 171 
[ 3#id34 ]242 43 0 0 0 0 0 0 5333 1469 0 0 0 0 0 0 2249 644 0 0 0 0 0 0 1 5 0 0 0 0 0 0 0 0 0 0 0 0 0 0 0 0 0 0 0 0 0 0 0 0 0 0 0 0 0 0 0 0 0 0 0 0 0 0 4 6 0 0 0 0 0 0 122 301 2 0 0 0 0 0 2509 1085 11 0 0 0 0 0 4279 821 359 95 0 0 0 0 10 25 9 3 0 0 0 0 0 0 0 0 0 0 0 0 0 0 0 0 0 0 0 0 0 0 0 0 0 0 0 0 0 0 0 0 0 0 0 0 5 49 22 0 0 0 0 0 30 180 98 3 0 0 0 0 2469 840 129 1 0 0 0 0 1969 434 576 42 0 0 0 0 0 0 22 0 0 0 0 0 0 0 0 0 0 0 0 0 0 0 0 0 0 0 0 0 0 0 0 0 0 0 0 0 0 11 27 7 0 0 0 0 0 14 59 41 1 0 0 0 8 84 208 98 4 0 0 0 740 172 449 220 4 0 0 0 15 2 112 185 2 0 0 0 0 0 0 0 0 0 0 0 0 0 0 0 0 0 0 0 0 0 2 3 2 0 0 0 0 0 8 29 14 1 0 0 0 1 8 41 31 6 0 0 0 3 34 120 74 3 0 0 0 4 102 276 122 17 0 0 0 1 25 229 138 3 0 0 0 0 0 6 15 1 0 0 0 0 0 0 0 0 0 0 0 0 0 2 4 0 0 0 0 0 0 17 152 13 0 0 0 0 0 16 126 88 0 0 0 0 4 34 118 135 20 0 0 0 2 54 171 204 94 0 0 0 0 54 174 117 36 0 0 0 0 6 95 35 1 0 0 0 0 0 1 3 0 0 0 0 0 0 2 1 0 0 0 0 0 0 80 61 0 0 0 0 0 0 71 260 16 0 0 0 0 0 54 351 272 14 0 0 0 6 49 255 526 172 0 0 0 10 54 98 167 23 0 0 0 0 44 79 63 8 0 0 0 0 5 18 7 2 0 0 0 0 0 0 0 0 0 0 0 0 0 3 1 0 0 0 0 0 0 51 40 0 0 0 0 0 0 51 308 75 0 0 0 0 3 56 475 803 0 0 0 0 2 57 302 1443 0 0 0 0 0 16 123 902 0 0 0 0 0 3 26 438 
[ 3#id35 ]613 4 0 0 0 0 0 0 3909 9 0 0 0 0 0 0 2604 16 0 0 0 0 0 0 81 2 0 0 0 0 0 0 0 0 0 0 0 0 0 0 0 0 0 0 0 0 0 0 0 0 0 0 0 0 0 0 0 0 0 0 0 0 0 0 5 1 0 0 0 0 0 0 503 245 1 0 0 0 0 0 2760 392 0 0 0 0 0 0 3323 412 18 1 0 0 0 0 5 40 7 0 0 0 0 0 0 0 0 0 0 0 0 0 0 0 0 0 0 0 0 0 0 0 0 0 0 0 0 0 1 1 0 0 0 0 0 0 0 13 5 0 0 0 0 0 92 351 28 1 0 0 0 0 3586 578 108 0 0 0 0 0 3730 738 339 13 0 0 0 0 0 35 200 20 0 0 0 0 0 0 0 0 0 0 0 0 0 0 0 0 0 0 0 0 0 0 1 0 0 0 0 0 0 1 10 3 0 0 0 0 0 2 34 9 0 0 0 0 12 104 116 38 0 0 0 0 1912 1481 469 55 0 0 0 0 211 1043 828 248 0 0 0 0 0 1 123 70 0 0 0 0 0 0 0 0 0 0 0 0 0 0 0 0 0 0 0 0 0 0 4 8 11 0 0 0 0 0 7 27 10 2 0 0 0 1 14 62 22 0 0 0 0 6 107 92 48 1 0 0 4 297 367 295 27 1 0 0 0 18 205 434 71 0 0 0 0 0 1 9 28 0 0 0 0 0 0 0 0 0 0 0 0 0 0 7 26 6 0 0 0 0 0 8 56 37 2 0 0 0 0 11 46 38 6 0 0 0 1 12 47 48 13 1 0 0 12 79 53 45 9 0 0 2 88 296 183 18 1 0 0 1 45 94 229 50 0 0 0 0 0 0 0 0 0 0 0 0 0 0 17 22 0 0 0 0 0 0 26 104 16 1 0 0 0 0 20 99 74 14 0 0 0 1 7 68 95 42 0 0 0 4 2 50 76 28 0 0 0 25 59 38 36 4 0 0 8 86 207 160 13 1 0 0 0 0 0 0 0 0 0 0 0 0 1 17 0 0 0 0 0 0 0 64 40 1 0 0 0 0 0 33 159 42 0 0 0 0 0 13 180 388 0 0 0 0 1 2 86 480 0 0 0 0 0 6 43 499 0 0 0 0 25 113 246 848 
[ 3#id36 ]135 0 0 0 0 0 0 0 58 0 0 0 0 0 0 0 0 0 0 0 0 0 0 0 0 0 0 0 0 0 0 0 0 0 0 0 0 0 0 0 0 0 0 0 0 0 0 0 0 0 0 0 0 0 0 0 0 0 0 0 0 0 0 0 275 0 0 0 0 0 0 0 1061 0 0 0 0 0 0 0 365 3 0 0 0 0 0 0 0 0 0 0 0 0 0 0 0 0 0 0 0 0 0 0 0 0 0 0 0 0 0 0 0 0 0 0 0 0 0 0 0 0 0 0 0 0 0 0 336 0 0 0 0 0 0 0 1527 5 0 0 0 0 0 0 3049 280 0 0 0 0 0 0 253 188 0 0 0 0 0 0 0 0 0 0 0 0 0 0 0 0 0 0 0 0 0 0 0 0 0 0 0 0 0 0 0 0 0 0 0 0 0 0 545 0 0 0 0 0 0 0 1215 10 0 0 0 0 0 0 2361 589 0 0 0 0 0 0 590 1875 63 0 0 0 0 0 2 75 37 0 0 0 0 0 0 0 0 0 0 0 0 0 0 0 0 0 0 0 0 0 0 0 0 0 0 0 0 0 906 0 0 0 0 0 0 0 1336 21 0 0 0 0 0 0 1163 480 2 0 0 0 0 0 155 1408 160 0 0 0 0 0 0 327 529 11 0 0 0 0 0 0 18 6 0 0 0 0 0 0 0 0 0 0 0 0 0 0 0 0 0 0 0 0 1426 0 0 0 0 0 0 0 1318 67 0 0 0 0 0 0 722 595 8 0 0 0 0 0 23 511 137 0 0 0 0 0 0 66 462 40 0 0 0 0 0 0 117 110 3 0 0 0 0 0 0 1 1 0 0 0 0 0 0 0 0 0 0 0 1993 1 0 0 0 0 0 0 1521 152 0 0 0 0 0 0 460 665 17 0 0 0 0 0 10 309 127 0 0 0 0 0 0 9 111 38 0 0 0 0 0 0 28 163 8 0 0 0 0 0 0 45 18 0 0 0 0 0 0 0 1 0 0 0 3004 6 0 0 0 0 0 0 2010 367 1 0 0 0 0 0 336 832 71 0 0 0 0 0 2 184 226 15 0 0 0 0 0 0 59 62 3 0 0 0 0 0 3 29 8 0 0 0 0 0 0 14 49 4 0 0 0 0 0 0 3 9 1 0 
[ 3#id37 ]1313 10 0 0 0 0 0 0 237 53 1 0 0 0 0 0 99 8 0 0 0 0 0 0 17 29 0 0 0 0 0 0 0 13 2 0 0 0 0 0 0 2 2 0 0 0 0 0 0 0 0 0 0 0 0 0 0 0 0 0 0 0 0 0 664 3 0 0 0 0 0 0 1127 172 18 0 0 0 0 0 119 64 33 5 0 0 0 0 41 82 0 0 0 0 0 0 3 115 14 0 0 0 0 0 0 23 142 3 0 0 0 0 0 0 21 0 0 0 0 0 0 0 0 0 0 0 0 0 165 0 0 0 0 0 0 0 3728 1777 2 0 0 0 0 0 1790 4996 397 86 0 0 0 0 0 33 21 248 4715 1430 0 0 0 39 24 0 50 1585 0 0 0 19 51 2 0 0 0 0 0 0 21 19 0 0 0 0 0 0 0 0 0 0 0 0 33 0 0 0 0 0 0 0 165 31 1 0 0 0 0 0 201 2450 216 33 1 0 0 0 1 172 382 517 334 15 0 0 0 0 0 19 278 749 0 0 0 0 0 0 0 0 0 0 0 0 0 0 0 0 0 0 0 0 0 0 0 0 0 0 0 0 0 0 0 0 0 0 20 3 0 0 0 0 0 0 121 164 3 1 0 0 0 0 8 284 411 62 49 2 0 0 1 6 72 104 86 48 0 0 0 0 0 0 5 3 0 0 0 0 0 0 0 0 0 0 0 0 0 0 0 0 0 0 0 0 0 0 0 0 0 0 0 0 0 0 0 0 0 0 1 15 1 0 0 0 0 0 0 106 88 3 0 0 0 0 0 22 341 128 16 1 0 0 0 2 1 15 62 38 0 0 0 0 0 0 1 7 0 0 0 0 0 0 0 0 0 0 0 0 0 0 0 0 0 0 0 0 0 0 0 0 0 0 0 0 0 0 0 0 0 0 0 10 7 0 0 0 0 0 0 6 124 82 0 0 0 0 0 4 38 405 207 13 0 0 0 1 1 11 30 78 20 0 0 0 0 0 0 3 1 2 0 0 0 0 0 0 0 0 0 0 0 0 0 0 0 0 0 0 0 0 0 0 0 0 0 0 0 0 0 0 0 0 0 0 1 1 0 0 0 0 20 14 9 81 104 0 0 0 6 26 44 70 1124 335 17 0 0 1 5 11 136 2480 535 405 
[ 3#id38 ]3 0 0 0 0 0 0 0 2 0 0 0 0 0 0 0 0 0 0 0 0 0 0 0 0 0 0 0 0 0 0 0 0 0 0 0 0 0 0 0 0 0 0 0 0 0 0 0 0 0 0 0 0 0 0 0 0 0 0 0 0 0 0 0 11 0 0 0 0 0 0 0 55 2 0 0 0 0 0 0 0 1 0 0 0 0 0 0 0 0 0 0 0 0 0 0 0 0 0 0 0 0 0 0 0 0 0 0 0 0 0 0 0 0 0 0 0 0 0 0 0 0 0 0 0 0 0 0 10 0 0 0 0 0 0 0 46 18 0 0 0 0 0 0 3 53 0 0 0 0 0 0 0 2 2 0 0 0 0 0 0 0 0 0 0 0 0 0 0 0 0 0 0 0 0 0 0 0 0 0 0 0 0 0 0 0 0 0 0 0 0 0 7 0 0 0 0 0 0 0 36 2 0 0 0 0 0 0 11 70 9 0 0 0 0 0 0 5 60 0 0 0 0 0 0 0 1 0 0 0 0 0 0 0 0 0 0 0 0 0 0 0 0 0 0 0 0 0 0 0 0 0 0 0 0 0 0 0 0 0 0 0 0 0 13 4 0 0 0 0 0 0 11 72 3 0 0 0 0 0 0 215 79 0 0 0 0 0 0 0 5 6 0 0 0 0 0 0 0 0 0 0 0 0 0 0 0 0 0 0 0 0 0 0 0 0 0 0 0 0 0 0 0 0 0 0 0 0 682 380 0 0 0 0 0 0 11 958 10 0 0 0 0 0 0 748 7289 0 0 0 0 0 0 0 2566 262 0 0 0 0 0 0 0 4 0 0 0 0 0 0 0 0 0 0 0 0 0 0 0 0 0 0 0 0 0 0 0 0 0 0 0 0 32 166 0 0 0 0 0 0 0 4598 110 0 0 0 0 0 0 418 2089 33 0 0 0 0 0 0 4651 3850 11 0 0 0 0 0 5 3738 20 0 0 0 0 0 0 0 2 1 0 0 0 0 0 0 0 0 0 0 0 0 0 0 0 0 0 0 0 0 0 0 0 0 0 0 0 1247 10 0 0 0 0 0 0 624 1659 4 0 0 0 0 0 0 864 469 15 0 0 0 0 0 0 1198 121 34 0 0 0 0 0 0 7 63 45 0 0 0 0 0 0 2 41 146 
[ 3#id39 ]1637 430 0 0 0 0 0 0 223 1850 591 0 0 0 0 0 8 5 454 51 0 0 0 0 0 0 0 0 0 0 0 0 0 0 0 0 0 0 0 0 0 0 0 0 0 0 0 0 0 0 0 0 0 0 0 0 0 0 0 0 0 0 0 0 36 7 0 0 0 0 0 0 172 734 184 0 0 0 0 0 154 1232 2484 1334 0 0 0 0 20 20 8 625 124 0 0 0 0 4 0 0 0 0 0 0 0 0 0 0 0 0 0 0 0 0 0 0 0 0 0 0 0 0 0 0 0 0 0 0 18 0 0 0 0 0 0 0 56 200 5 0 0 0 0 0 53 1989 1471 184 0 0 0 0 7 775 3885 1975 742 0 0 0 0 110 101 17 284 34 0 0 0 13 20 0 0 0 0 0 0 0 1 0 0 0 0 0 0 0 0 0 0 0 0 0 25 0 0 0 0 0 0 0 86 66 0 0 0 0 0 0 23 382 138 5 0 0 0 0 0 289 2771 713 97 0 0 0 0 61 837 880 1477 537 0 0 0 32 532 175 10 216 19 0 0 2 322 188 0 0 0 0 0 0 0 0 0 0 0 0 8 0 0 0 0 0 0 0 33 15 0 0 0 0 0 0 47 152 18 0 0 0 0 0 2 107 493 88 0 0 0 0 0 2 192 703 81 35 0 0 0 0 163 573 198 300 64 0 0 0 85 354 17 1 67 0 0 0 0 10 0 0 0 0 0 0 0 0 0 0 0 0 4 1 0 0 0 0 0 0 14 65 5 0 0 0 0 0 1 153 173 12 0 0 0 0 0 9 109 250 13 0 0 0 0 0 1 77 122 21 0 0 0 0 0 3 25 12 48 13 0 0 0 0 1 0 1 21 0 0 0 0 0 0 0 0 0 0 0 0 0 0 0 0 1 10 2 0 0 0 0 0 1 59 63 1 0 0 0 0 0 9 144 72 0 0 0 0 0 0 13 48 36 1 0 0 0 0 0 1 14 1 5 0 0 0 0 0 0 1 5 18 0 0 0 0 0 0 0 0 0 0 0 0 0 0 0 0 0 5 0 0 0 0 0 0 0 6 11 0 0 0 0 0 0 5 47 34 0 0 0 0 0 0 13 92 14 0 0 0 0 0 0 28 29 3 0 0 0 0 0 0 7 0 1 28 
[ 3#id40 ]3398 62 0 0 0 0 0 0 229 223 26 4 0 0 0 0 0 1 7 2 0 0 0 0 0 0 0 2 7 1 0 0 0 0 0 0 1 4 0 0 0 0 0 0 0 0 0 0 0 0 0 0 0 0 0 0 0 0 0 0 0 0 0 0 650 23 0 0 0 0 0 0 769 1775 38 4 0 0 0 0 266 573 973 64 7 0 0 0 0 1 7 9 15 2 0 0 0 0 0 1 3 2 0 0 0 0 0 0 1 0 0 0 0 0 0 0 0 0 2 2 0 0 0 0 0 0 0 0 420 8 0 0 0 0 0 0 220 526 9 0 0 0 0 0 238 1095 2479 67 0 0 0 0 32 267 1941 3820 17 0 0 0 0 0 0 1 3 2 0 0 0 0 0 0 0 0 0 0 0 0 0 0 0 0 2 0 0 0 0 0 0 0 0 3 273 36 0 0 0 0 0 0 237 458 9 0 0 0 0 0 24 404 441 3 0 0 0 0 6 234 3286 5069 18 0 0 0 1 5 32 302 150 2 0 0 0 0 0 0 1 4 0 0 0 0 0 0 0 0 0 0 0 0 0 0 0 0 0 0 341 17 0 0 0 0 0 0 193 532 13 0 0 0 0 0 21 273 283 4 0 0 0 0 6 32 148 116 3 0 0 0 0 4 35 299 355 12 0 0 0 0 2 10 162 128 1 0 0 0 0 0 0 1 0 0 0 0 0 0 0 0 0 0 348 14 0 0 0 0 0 0 262 401 8 0 0 0 0 0 49 145 179 3 0 0 0 0 6 22 100 87 0 0 0 0 3 14 22 66 114 1 0 0 0 4 7 26 185 217 0 0 0 0 0 5 5 130 65 4 0 0 0 0 0 0 4 0 322 1 0 0 0 0 0 0 367 370 1 0 0 0 0 0 39 107 116 0 0 0 0 0 13 17 35 55 0 0 0 0 14 9 13 62 60 1 0 0 3 4 6 16 58 61 2 0 0 3 4 16 12 145 136 1 0 2 1 1 0 1 66 8 3 0 0 0 0 0 0 0 16 27 0 0 0 0 0 0 6 6 7 0 0 0 0 0 2 3 1 6 0 0 0 0 9 7 5 20 18 2 0 0 3 10 15 8 33 62 1 0 4 27 20 20 11 73 95 6 2 35 28 18 11 8 176 262 
[ 3#id41 ]4278 182 1 0 0 0 0 0 1689 827 26 1 0 0 0 0 2 1 3 6 0 0 0 0 0 0 0 0 0 0 0 0 0 0 0 0 0 0 0 0 0 0 0 0 0 0 0 0 0 0 0 0 0 0 0 0 0 0 0 0 0 0 0 0 550 47 0 0 0 0 0 0 1608 1538 46 2 0 0 0 0 726 1003 4103 32 0 0 0 0 34 11 233 116 0 0 0 0 0 0 0 0 0 0 0 0 0 0 0 0 0 0 0 0 0 0 0 0 0 0 0 0 0 0 0 0 0 0 0 0 219 30 0 0 0 0 0 0 359 779 34 0 0 0 0 0 266 1410 2800 172 0 0 0 0 132 1076 2172 5564 24 0 0 0 0 0 2 11 5 0 0 0 0 0 0 0 0 0 0 0 0 0 0 0 0 0 0 0 0 0 0 0 0 0 0 0 121 9 0 0 0 0 0 0 183 233 10 0 0 0 0 0 100 252 189 6 0 0 0 0 35 111 444 673 37 0 0 0 2 10 97 382 570 7 0 0 0 0 0 3 0 1 0 0 0 0 0 0 0 0 0 0 0 0 0 0 0 0 0 0 31 3 0 0 0 0 0 0 61 31 2 0 0 0 0 0 37 36 38 1 0 0 0 0 46 108 110 91 1 0 0 0 10 40 90 297 538 12 0 0 4 1 18 30 329 316 0 0 0 0 0 0 0 0 0 0 0 0 0 0 0 0 0 0 29 1 0 0 0 0 0 0 4 6 2 0 0 0 0 0 6 3 2 1 0 0 0 0 10 12 17 5 0 0 0 0 28 30 60 80 49 1 0 0 6 25 59 113 216 273 3 0 0 1 6 32 13 61 18 0 0 0 0 1 0 0 0 0 6 1 0 0 0 0 0 0 11 20 0 0 0 0 0 0 1 0 3 1 0 0 0 0 2 0 1 2 0 0 0 0 10 16 12 10 5 0 0 0 8 20 37 45 16 5 1 0 1 9 23 93 70 30 17 0 0 0 18 31 34 5 0 1 0 0 0 0 0 0 0 0 0 0 0 0 0 0 0 0 0 0 0 1 0 0 0 0 0 0 0 0 0 0 0 0 31 14 2 0 1 0 0 0 2 9 2 2 2 0 0 0 4 10 14 30 28 3 0 0 0 4 37 81 95 13 0 1 
[ 3#id42 ]1006 585 34 3 0 0 0 0 2 107 81 25 10 0 0 0 0 0 0 5 17 7 0 0 0 0 0 0 0 3 5 0 0 0 0 0 0 0 1 1 0 0 0 0 0 0 0 0 0 0 0 0 0 0 0 0 0 0 0 0 0 0 0 0 475 101 8 0 0 0 0 0 48 209 128 14 2 0 0 0 0 8 113 72 19 9 1 0 0 0 0 0 7 28 118 29 0 0 0 0 0 2 59 64 0 0 0 0 0 0 0 2 0 0 0 0 0 0 0 0 0 0 0 0 0 0 0 0 535 83 9 0 0 0 0 0 131 334 83 4 0 0 0 0 4 162 492 224 4 0 0 0 0 1 19 162 291 993 31 1 0 0 0 0 4 311 146 10 0 0 0 0 0 1 4 2 0 0 0 0 0 0 0 0 0 0 0 0 0 0 0 0 525 31 4 0 0 0 0 0 462 432 51 3 0 0 0 0 13 285 431 87 3 0 0 0 0 3 163 540 386 357 0 0 0 1 0 16 581 4113 112 0 0 0 0 0 0 51 51 0 0 0 0 0 0 0 0 0 0 0 0 0 0 0 0 0 783 20 2 0 0 0 0 0 2621 390 8 1 0 0 0 0 77 347 222 14 1 0 0 0 3 19 197 325 81 2 0 0 0 0 5 145 501 201 12 0 0 0 0 0 31 169 264 8 0 0 0 0 0 1 5 2 0 0 0 0 0 0 0 0 343 7 0 0 0 0 0 0 1623 76 3 0 0 0 0 0 223 165 69 8 0 0 0 0 40 49 168 127 19 1 0 0 8 4 22 147 271 37 3 0 0 2 0 5 144 481 107 1 0 0 0 0 0 46 152 39 0 0 0 0 0 0 1 1 118 0 0 0 0 0 0 0 210 40 1 0 0 0 0 0 466 296 59 2 0 0 0 0 48 239 191 113 8 0 0 0 33 21 72 183 89 7 0 0 8 8 13 42 123 206 14 0 1 0 2 5 10 114 519 101 0 0 0 0 0 0 118 288 11 0 0 0 0 0 0 0 324 32 2 0 0 0 0 0 236 599 63 0 0 0 0 0 10 354 708 139 1 0 0 0 14 488 460 551 94 0 0 0 10 138 603 278 233 104 2 0 1 22 5 17 55 208 295 28 0 2 2 14 14 35 455 2626 
[ 3#id43 ]541 72 2 0 0 0 0 0 21 76 31 15 7 0 0 0 0 0 1 6 88 34 0 0 0 0 0 0 1 0 0 0 0 0 0 0 0 0 0 0 0 0 0 0 0 0 0 0 0 0 0 0 0 0 0 0 0 0 0 0 0 0 0 0 647 16 2 0 0 0 0 0 94 454 81 10 0 0 0 0 0 21 265 638 8 2 0 0 0 0 0 0 0 0 0 0 0 0 0 0 0 0 0 0 0 0 0 0 0 0 0 0 0 0 0 0 0 0 0 0 0 0 0 0 0 0 0 0 756 12 0 0 0 0 0 0 203 479 118 3 0 0 0 0 7 145 648 554 5 0 0 0 0 1 47 538 94 0 0 0 0 0 0 0 1 0 0 0 0 0 0 0 0 0 0 0 0 0 0 0 0 0 0 0 0 0 0 0 0 0 0 0 1043 6 0 0 0 0 0 0 394 472 49 0 0 0 0 0 16 505 1790 105 0 0 0 0 2 4 199 928 215 1 0 0 0 0 0 46 317 38 199 2 0 0 0 0 3 0 60 6 0 0 0 0 0 0 0 0 0 0 0 0 0 0 0 0 747 7 0 0 0 0 0 0 282 267 13 0 0 0 0 0 19 1635 1790 57 6 0 0 0 35 14 153 468 207 7 0 0 1 8 8 176 925 234 26 1 0 0 3 6 540 614 47 0 0 0 0 0 0 2 10 0 0 0 0 0 0 0 0 0 603 7 0 0 0 0 0 0 253 94 5 0 0 0 0 0 71 251 92 4 0 0 0 0 14 29 206 188 15 0 0 0 11 7 7 129 370 35 1 0 1 3 7 26 425 1065 81 1 0 0 0 0 1 130 270 5 0 0 0 0 0 0 0 0 449 35 0 0 0 0 0 0 392 95 5 0 0 0 0 0 148 360 97 3 0 0 0 0 12 116 209 56 3 0 0 0 5 3 17 99 105 5 0 0 2 25 6 13 91 102 14 0 0 2 5 5 0 85 366 54 0 0 0 0 0 0 75 140 234 23 0 0 0 0 0 0 2000 256 1 0 0 0 0 0 1686 2018 288 1 0 0 0 0 321 268 529 93 1 0 0 0 0 2 25 161 42 1 0 0 0 5 0 19 59 25 3 0 0 7 15 4 13 32 67 10 0 0 7 8 1 1 67 2649 
[ 3#id44 ]0 0 0 0 0 0 0 0 0 0 0 0 0 0 0 0 0 0 2 0 0 0 0 0 0 0 0 0 346 130 0 0 0 0 0 0 625 1777 0 0 0 0 0 0 0 85 0 0 0 0 0 0 0 0 0 0 0 0 0 0 0 0 0 0 0 0 0 0 0 0 0 0 0 0 0 0 0 0 0 0 0 2 60 0 0 0 0 0 0 0 0 8 280 425 0 0 0 0 0 0 57 336 0 0 0 0 0 0 2 249 1 0 0 0 0 0 0 0 0 0 0 0 0 0 0 0 0 0 0 0 0 0 0 0 0 0 0 0 0 0 0 0 0 0 0 0 22 2 0 0 0 0 0 0 28 100 19 103 0 0 0 0 0 1 180 203 0 0 0 0 0 0 169 858 0 0 0 0 0 0 0 0 0 0 0 0 0 0 0 0 0 0 0 2 1 0 0 0 0 0 0 0 0 0 0 0 0 0 0 1 0 0 0 0 0 0 0 1 4 31 2 0 0 0 0 0 0 21 213 40 13 0 0 0 0 0 22 1386 1276 0 0 0 0 0 0 0 0 0 0 0 0 0 0 0 0 0 5 79 21 0 0 0 0 0 5 17 32 4 0 0 0 0 4 8 9 37 0 0 0 0 3 1 0 1 2 0 0 0 0 0 0 2 153 3 0 0 0 0 0 0 919 2053 4566 31 0 0 0 0 0 15 2583 457 0 0 0 0 0 0 0 0 12 52 26 0 0 0 0 0 7 10 182 22 0 0 0 0 10 18 202 332 5 0 0 0 6 19 3 1 12 2 0 0 1 11 0 1 2 9 0 0 12 10 16 9 10 231 83 1 91 303 76 14 20 332 5058 8367 0 0 0 0 0 0 0 20 5 10 2 0 0 0 0 0 0 1 14 11 0 0 0 0 2 1 4 32 2 0 0 0 2 2 0 0 3 2 0 0 2 10 0 0 0 21 4 0 21 46 8 1 0 3 44 4 543 323 51 25 35 23 381 81 0 0 0 0 0 0 460 859 0 3 3 0 0 0 0 0 0 1 22 3 0 0 0 0 0 0 0 3 0 0 0 0 0 0 0 0 3 0 0 0 0 1 0 0 0 4 1 0 5 8 1 0 0 1 4 2 116 15 1 0 0 0 1 4 59 6 0 0 0 0 2 1002 
[ 3#id45 ]0 0 0 0 0 0 0 0 0 21 2 0 0 0 0 0 0 1 15 1083 75 0 0 0 0 0 0 2188 1149 0 0 0 0 0 0 5 32 0 0 0 0 0 0 0 0 0 0 0 0 0 0 0 0 0 0 0 0 0 0 0 0 0 0 0 0 0 0 0 0 0 0 0 0 11 0 0 0 0 0 0 0 35 90 51 55 0 0 0 0 0 5 605 166 3 0 0 0 0 0 209 476 0 0 0 0 0 0 0 0 0 0 0 0 0 0 0 0 0 0 0 0 0 0 0 0 0 0 0 0 0 0 0 0 0 0 0 0 0 1 0 0 0 0 0 0 1 19 1 0 0 0 0 0 0 31 167 9 1 0 0 0 0 0 215 870 2137 0 0 0 0 0 0 2 0 0 0 0 0 0 0 0 0 0 0 0 0 0 0 0 0 0 0 6 26 4 0 0 0 0 0 8 68 101 0 0 0 0 0 14 13 8 16 0 0 0 0 0 1 2 10 1 0 0 0 0 1 0 116 3007 1711 1 0 0 0 0 0 263 2391 8583 0 0 0 0 0 0 0 0 0 0 0 0 0 0 0 0 0 10 164 22 0 0 0 0 0 14 224 705 3 0 0 0 0 16 9 7 11 3 0 0 0 14 11 1 1 13 1 0 0 85 36 10 5 48 44 3 0 407 70 36 30 283 1270 7687 0 0 0 0 0 2 52 107 0 0 0 0 0 0 0 0 0 1 71 11 0 0 0 0 0 1 16 47 3 0 0 0 0 2 0 0 5 2 0 0 0 2 1 0 0 7 2 0 0 27 20 1 0 2 30 3 1 717 11 10 11 9 48 20 0 69 7 4 2 1 163 298 15 0 0 0 0 0 0 16 1 0 0 0 0 0 0 0 0 0 2 11 0 0 0 0 0 1 1 0 0 1 0 0 0 0 1 0 0 1 0 0 0 0 3 0 0 0 2 0 0 22 13 0 0 0 0 0 0 202 16 3 1 0 0 22 23 0 0 0 0 0 0 180 282 0 0 0 0 0 0 0 0 0 0 0 0 0 0 0 0 0 0 0 0 0 0 0 0 0 0 0 0 0 0 0 0 0 0 1 0 0 0 0 0 0 2 2 0 0 0 0 0 9 0 0 0 0 0 0 0 3 0 0 0 0 0 0 53 
[ 3#id46 ]0 0 0 0 0 0 0 0 0 0 0 0 0 0 0 0 0 0 0 0 0 0 0 0 0 0 0 0 0 0 0 0 0 0 0 0 0 0 0 0 0 0 0 0 0 0 0 0 0 0 0 0 0 0 0 0 0 0 0 0 0 0 0 0 0 0 0 0 0 0 0 0 33 1 0 0 0 0 0 0 0 2 6 1 3 0 0 0 0 0 0 1 1 0 0 0 0 0 0 0 12 0 0 0 0 0 0 0 0 0 0 0 0 0 0 0 0 0 0 0 0 0 0 0 0 0 0 0 0 0 0 0 0 0 0 0 35 6 0 0 0 0 0 0 18 49 126 50 0 0 0 0 0 0 15 211 820 651 1 0 0 0 0 1 144 437 344 0 0 0 0 0 0 0 0 0 0 0 0 0 0 0 0 0 0 0 0 0 0 0 0 0 0 0 0 0 0 0 0 0 1 1 0 0 0 0 0 0 45 15 8 1 0 0 0 0 33 19 309 16 53 12 0 0 0 0 4 4 676 1377 348 0 0 0 0 0 3 199 1484 0 0 0 0 0 0 0 0 0 0 0 0 0 0 0 0 0 1 0 0 0 0 0 0 0 2 3 2 0 0 0 0 0 15 5 1 2 0 0 0 0 124 27 115 1 0 0 0 0 20 14 1111 2117 8 121 0 0 0 0 1 15 73 1956 5350 2 0 0 0 0 0 3 47 2 0 0 0 0 0 0 0 0 2 1 0 0 0 0 0 0 20 2 0 0 0 0 0 0 6 3 0 0 0 0 0 0 22 8 7 1 0 0 0 0 109 69 350 1897 22 0 0 0 22 14 146 1765 4672 4241 650 0 0 0 0 0 0 83 3269 134 0 0 0 0 0 0 0 17 0 1 0 0 0 0 0 0 16 16 0 0 0 0 0 0 5 3 0 0 0 0 0 0 8 2 0 0 0 0 0 0 57 17 6 2 1 0 0 0 1209 84 40 19 10 4 0 0 6 16 37 10 4 0 398 265 0 0 0 0 0 0 6 209 0 0 0 0 0 0 0 0 0 0 0 0 0 0 0 0 0 1 0 0 0 0 0 0 1 0 1 0 0 0 0 0 12 6 1 0 0 0 0 0 381 12 5 5 0 0 0 0 382 52 44 11 2 5 0 0 166 62 28 4 5 9 38 70 
[ 3#id47 ]0 0 0 0 0 0 0 0 0 0 0 0 0 0 0 0 0 0 0 0 0 0 0 0 0 0 0 0 0 0 0 0 0 0 0 0 0 0 0 0 0 0 0 0 0 0 0 0 0 0 0 0 0 0 0 0 0 0 0 0 0 0 0 0 0 0 0 0 0 0 0 0 33 5 4 0 0 0 0 0 0 0 33 23 361 0 0 0 0 0 0 0 303 184 0 0 0 0 0 0 0 0 0 0 0 0 0 0 0 0 0 0 0 0 0 0 0 0 0 0 0 0 0 0 0 0 0 0 0 0 0 0 0 0 0 0 8 2 0 0 0 0 0 0 14 17 125 19 0 0 0 0 0 1 55 104 139 469 0 0 0 0 0 0 111 247 275 0 0 0 0 0 0 0 0 0 0 0 0 0 0 0 0 0 0 0 0 0 0 0 0 0 0 0 0 0 0 0 0 0 3 2 0 0 0 0 0 0 64 13 4 0 0 0 0 0 34 49 46 74 15 6 0 0 0 1 2 15 90 1506 309 0 0 0 0 0 6 351 409 0 0 0 0 0 0 0 1 0 0 0 0 0 0 0 0 0 0 0 0 0 0 0 0 0 7 11 0 0 0 0 0 0 16 6 4 0 0 0 0 0 224 48 11 1 1 0 0 0 32 30 731 1673 139 21 2 0 0 0 15 24 180 2841 6745 28 0 0 0 0 0 2 82 1 0 0 0 0 0 0 0 0 2 1 0 0 0 0 0 0 19 9 0 0 0 0 0 0 14 3 1 0 0 0 0 0 52 7 3 0 1 0 0 0 204 52 458 1042 11 0 1 0 33 21 57 635 2079 1566 690 1 0 0 0 1 2 66 5001 280 0 0 0 0 0 0 2 2 2 1 0 0 0 0 0 0 16 17 0 0 0 0 0 0 9 1 0 0 0 0 0 0 10 3 2 1 0 0 0 0 156 12 2 1 1 0 1 0 1766 86 19 41 7 1 0 0 7 15 36 43 7 0 1575 1679 0 0 0 0 0 0 25 2112 0 0 0 0 0 0 0 0 0 0 0 0 0 0 0 0 0 0 0 0 0 0 0 0 1 2 0 0 0 0 0 0 10 3 0 0 1 0 0 0 358 9 4 1 1 0 0 0 353 61 55 24 6 2 0 0 67 54 19 8 5 13 28 538 
[ 3#id48 ]6999 1375 315 0 0 0 0 0 217 293 349 416 0 0 0 0 0 0 1 1 0 0 0 0 0 0 0 0 0 0 0 0 0 0 0 0 0 0 0 0 0 0 0 0 0 0 0 0 0 0 0 0 0 0 0 0 0 0 0 0 0 0 0 0 3024 851 6 0 0 0 0 0 394 3376 208 103 0 0 0 0 1 250 139 30 10 0 0 0 0 0 3 3 0 0 0 0 0 0 0 0 0 0 0 0 0 0 0 0 0 0 0 0 0 0 0 0 0 0 0 0 0 0 0 0 0 0 0 0 432 169 0 0 0 0 0 0 290 2166 81 2 0 0 0 0 13 683 1146 73 3 0 0 0 0 1 256 75 12 2 0 0 0 0 0 0 0 0 0 0 0 0 0 0 0 0 0 0 0 0 0 0 0 0 0 0 0 0 0 0 0 0 0 0 89 26 0 0 0 0 0 0 70 743 41 0 0 0 0 0 7 259 582 29 1 0 0 0 5 6 365 446 34 2 0 0 0 0 3 196 25 15 16 0 0 0 0 0 0 6 85 0 0 0 0 0 0 0 0 0 0 0 0 0 0 0 0 0 4 2 0 0 0 0 0 0 69 239 19 0 0 0 0 0 6 221 412 12 0 0 0 0 2 26 130 248 26 0 0 0 1 3 6 226 202 91 11 0 0 0 0 12 32 68 111 2 0 0 0 0 0 0 11 5 0 0 0 0 0 0 0 0 0 1 0 0 0 0 0 0 16 60 0 0 0 0 0 0 9 156 415 4 0 0 0 0 3 22 286 227 5 0 0 0 0 19 9 49 168 63 0 0 0 2 1 0 47 210 85 0 0 0 0 0 0 2 123 95 0 0 0 0 0 0 0 19 0 0 0 0 0 0 0 0 2 1 0 0 0 0 0 0 18 46 31 1 0 0 0 0 9 8 282 988 1 0 0 0 1 17 2 202 314 17 0 0 0 7 9 1 26 134 10 0 0 1 3 0 0 67 95 33 0 0 0 0 0 1 3 274 0 0 0 0 0 0 0 0 0 0 0 0 0 0 0 0 2 0 1 0 0 0 0 0 7 13 0 54 0 0 0 0 1 13 12 207 3048 18 0 0 0 5 24 4 840 668 2 0 0 0 33 6 1 38 71 3 0 0 12 7 0 0 105 1089 
[ 3#id49 ]3605 1168 691 0 0 0 0 0 46 151 1397 392 1 0 0 0 0 0 14 136 35 0 0 0 0 0 0 0 3 0 0 0 0 0 0 0 0 0 0 0 0 0 0 0 0 0 0 0 0 0 0 0 0 0 0 0 0 0 0 0 0 0 0 0 2113 90 0 0 0 0 0 0 1214 1845 1278 1273 4 0 0 0 7 41 207 1549 206 0 0 0 0 0 0 10 276 57 0 0 0 0 0 0 0 0 0 0 0 0 0 0 0 0 0 0 0 0 0 0 0 0 0 0 0 0 0 0 0 0 0 0 210 37 0 0 0 0 0 0 194 925 52 11 0 0 0 0 26 915 1038 868 19 0 0 0 0 4 35 91 70 33 0 0 0 0 0 0 1 27 27 0 0 0 0 0 0 0 0 0 0 0 0 0 0 0 0 0 0 0 0 0 0 0 0 0 55 5 0 0 0 0 0 0 68 350 18 0 0 0 0 0 5 273 554 21 0 0 0 0 23 16 736 630 151 7 0 0 0 0 1 32 37 14 27 0 0 0 0 0 0 0 22 17 0 0 0 0 0 0 0 0 0 0 0 0 0 0 0 0 4 0 0 0 0 0 0 0 30 100 1 0 0 0 0 0 4 107 330 6 0 0 0 0 0 5 283 428 38 19 0 0 2 12 21 605 390 84 0 0 0 2 1 2 13 57 17 18 0 0 0 0 0 0 0 27 0 0 0 0 0 0 0 0 0 0 0 0 0 0 0 0 4 17 0 0 0 0 0 0 7 28 191 2 0 0 0 0 1 17 173 233 1 0 0 0 0 0 15 280 312 16 0 0 0 2 9 35 510 281 51 0 0 2 1 2 2 14 24 10 0 0 0 0 0 0 0 9 0 0 0 0 0 0 0 0 0 5 0 0 0 0 0 0 3 14 49 2 0 0 0 0 0 40 108 490 0 0 0 0 0 6 53 227 99 0 0 0 0 2 1 33 256 272 8 0 0 1 5 15 18 311 199 23 0 0 1 7 4 4 14 46 0 0 0 0 0 0 0 0 0 0 0 0 0 0 0 0 0 0 5 0 0 0 0 0 16 71 11 609 17 0 0 0 0 47 71 788 2273 0 0 0 0 21 77 102 706 148 0 0 0 0 1 14 76 196 260 6 0 0 2 35 54 57 477 1235 
[ 3#id50 ]2310 221 71 2 0 0 0 0 40 151 107 59 1 0 0 0 0 0 2 6 52 0 0 0 0 0 0 0 0 0 0 0 0 0 0 0 0 0 0 0 0 0 0 0 0 0 0 0 0 0 0 0 0 0 0 0 0 0 0 0 0 0 0 0 417 74 3 0 0 0 0 0 866 2053 303 35 3 0 0 0 1 123 791 371 49 0 0 0 0 0 27 1 9 2 0 0 0 0 0 0 0 0 0 0 0 0 0 0 0 0 0 0 0 0 0 0 0 0 0 0 0 0 0 0 0 0 0 0 79 18 0 0 0 0 0 0 90 873 77 4 0 0 0 0 20 977 2359 2597 3 0 0 0 0 4 109 1339 66 6 0 0 0 0 0 0 1 16 1 0 0 0 0 0 0 0 5 0 0 0 0 0 0 0 0 7 0 0 0 0 0 0 0 0 82 2 0 0 0 0 0 0 101 363 6 0 0 0 0 0 29 672 1243 345 1 0 0 0 4 57 1008 3155 171 2 0 0 0 0 0 27 68 15 3 0 0 0 0 0 0 4 21 10 0 0 0 0 0 0 1 33 0 0 0 0 0 0 0 0 24 0 0 0 0 0 0 0 93 165 3 0 0 0 0 0 46 364 920 4 0 0 0 0 1 73 1234 1332 27 1 0 0 0 1 26 892 651 73 0 0 0 0 0 2 49 54 3 0 0 0 0 0 0 0 0 12 0 0 0 0 0 0 0 2 0 0 0 0 0 0 0 0 30 6 0 0 0 0 0 0 19 81 264 14 0 0 0 0 2 60 575 568 2 0 0 0 0 5 54 591 483 161 0 0 0 0 0 38 400 1352 64 0 0 0 0 0 1 39 49 0 0 0 0 0 0 0 0 0 0 0 0 0 0 0 0 0 3 0 0 0 0 0 0 0 21 11 30 20 0 0 0 0 5 88 133 223 1 0 0 0 0 11 166 212 91 0 0 0 0 0 13 59 162 148 4 0 0 0 0 1 5 173 374 17 0 0 0 0 0 0 28 27 0 0 0 0 0 0 0 0 0 0 0 0 0 0 0 0 1 0 0 2 0 0 0 0 4 135 36 6 1 0 0 0 1 122 303 104 12 1 0 0 0 16 464 461 94 38 0 0 0 0 0 15 107 127 121 3 0 0 0 0 3 44 201 418 
[ 3#id51 ]994 0 0 0 0 0 0 19726 
[ 3#id52 ]942 0 0 0 0 0 0 19778 
[ 3#id53 ]986 0 0 0 0 0 64 19670 
[ 3#id54 ]7285 11283 0 0 0 0 0 0 
[ 3#id55 ]8166 11246 0 0 0 0 0 0 
[ 3#id56 ]8120 12769 0 0 0 0 0 0 
[ 3#id57 ]5037 0 0 11347 0 0 0 0 
[ 3#id58 ]3583 0 0 12801 0 0 0 0 
[ 3#id59 ]3111 0 0 0 0 12249 0 0 
[ 3#id60 ]4019 0 0 0 0 11341 0 0 
[ 3#id61 ]3881 0 0 0 0 11479 0 0 
[ 3#id62 ]5263 0 0 11121 0 0 0 0 
[ 3#id63 ]5270 0 0 15130 0 0 0 0 
